0.000137
0.000819
0.000300
0.000294
0.000201
0.000130
0.000300
0.000289
0.000312
0.000201
0.000280
0.000125
0.001488
0.000299
0.000155
0.000219
0.000240
0.000226
0.000215
0.000203
0.000247
0.000123
0.000151
0.000303
0.002411
0.000131
0.000292
0.000296
0.000290
0.000148
0.000254
0.000306
0.000213
0.000201
0.000278
0.000422
0.000291
0.000206
0.000129
0.000131
0.000127
0.002230
0.000333
0.000285
0.000579
0.000518
0.000150
0.000144
0.000614
0.000471
0.000151
0.000145
0.000203
0.000218
0.000307
0.000165
0.000207
0.001428
0.000202
0.000227
0.001177
0.000566
0.000136
0.000590
0.000290
0.001486
0.000318
0.000194
0.000717
0.001236
0.001744
0.000289
0.000185
0.001706
0.000278
0.000153
0.000224
0.000139
0.000141
0.000144
0.000227
0.000197
0.000133
0.000221
0.000127
0.000305
0.000287
0.000196
0.000301
0.000306
0.000268
0.000764
0.000190
0.000286
0.000654
0.000126
0.000374
0.000604
0.001296
0.000617
0.000250
0.000287
0.000203
0.000220
0.000832
0.000297
0.000221
0.000197
0.000304
0.000213
0.000279
0.000153
0.000221
0.000411
0.000134
0.000225
0.000140
0.000138
0.000158
0.000204
0.000174
0.000124
0.001076
0.000301
0.000135
0.000204
0.000220
0.000870
0.000181
0.000275
0.000199
0.000306
0.000138
0.000288
0.000512
0.000124
0.000214
0.000303
0.000308
0.000135
0.000171
0.002841
0.000196
0.000297
0.000703
0.000742
0.000430
0.000287
0.000288
0.000795
0.000128
0.000193
0.000145
0.001237
0.000550
0.000199
0.000886
0.000145
0.000157
0.000215
0.000223
0.000202
0.000142
0.000197
0.000691
0.000225
0.000144
0.000206
0.000186
0.000124
0.000196
0.000307
0.000741
0.000138
0.000201
0.000146
0.000490
0.000947
0.000139
0.000665
0.000197
0.000199
0.000134
0.000620
0.000294
0.000688
0.000195
0.000305
0.000428
0.000306
0.000291
0.000205
0.000202
0.000287
0.000277
0.000138
0.001281
0.000188
0.000280
0.000167
0.000129
0.000199
0.000293
0.000143
0.000196
0.000298
0.000571
0.000146
0.000212
0.000207
0.000310
0.001225
0.000129
0.000129
0.001007
0.000223
0.000139
0.000211
0.000554
0.000613
0.000136
0.000132
0.000298
0.000195
0.000165
0.000195
0.000308
0.000316
0.000325
0.000205
0.000209
0.000205
0.000147
0.000238
0.001390
0.000157
0.000142
0.000218
0.000307
0.000198
0.000725
0.001227
0.000144
0.000186
0.000146
0.001103
0.000238
0.000568
0.000204
0.001352
0.000117
0.000198
0.000581
0.000148
0.000226
0.000257
0.002261
0.000123
0.000197
0.000264
0.000428
0.000201
0.000200
0.000301
0.000218
0.000128
0.000209
0.000219
0.001246
0.000190
0.000856
0.000316
0.000144
0.000132
0.000208
0.000205
0.000138
0.000204
0.000294
0.000302
0.000130
0.000153
0.000201
0.000388
0.000604
0.000122
0.000198
0.000144
0.000317
0.000163
0.000269
0.000620
0.000603
0.000214
0.002141
0.000126
0.000203
0.000216
0.000214
0.000130
0.000147
0.000225
0.000240
0.000213
0.000232
0.000310
0.000117
0.000143
0.001143
0.000304
0.000219
0.000135
0.000497
0.000201
0.001460
0.000150
0.000620
0.000586
0.000474
0.000203
0.000147
0.000713
0.000331
0.000196
0.000190
0.000555
0.000768
0.000123
0.000213
0.000847
0.000555
0.000211
0.000195
0.000302
0.000211
0.000207
0.000152
0.000216
0.000131
0.000191
0.000141
0.000222
0.000200
0.000152
0.000219
0.000660
0.000210
0.000141
0.000508
0.000220
0.000197
0.000207
0.000203
0.000306
0.000143
0.000146
0.001187
0.000144
0.000146
0.000224
0.000151
0.000154
0.001203
0.000311
0.000120
0.000192
0.002204
0.000681
0.000192
0.000185
0.000270
0.000719
0.000143
0.000305
0.000580
0.000133
0.000289
0.000216
0.000305
0.000227
0.000208
0.000151
0.000310
0.000215
0.000206
0.002031
0.000229
0.000603
0.000189
0.000210
0.000411
0.000293
0.000208
0.001196
0.001288
0.000189
0.000146
0.000635
0.000148
0.000146
0.000156
0.000229
0.000218
0.000193
0.000209
0.000166
0.000151
0.000141
0.000171
0.000654
0.000127
0.000971
0.000230
0.000179
0.000143
0.002546
0.000135
0.000287
0.000301
0.000296
0.000209
0.000122
0.000152
0.001999
0.000217
0.000116
0.000218
0.000229
0.000161
0.000128
0.000216
0.000275
0.000121
0.000149
0.000830
0.000586
0.000185
0.000204
0.001462
0.000127
0.000627
0.000203
0.001747
0.000193
0.000273
0.000203
0.000249
0.000234
0.000143
0.000179
0.000138
0.000233
0.000124
0.000276
0.000291
0.000301
0.000125
0.000188
0.000305
0.000204
0.000194
0.000203
0.000300
0.000286
0.000132
0.000269
0.000302
0.000117
0.000203
0.000194
0.000353
0.000187
0.000574
0.000288
0.000360
0.000300
0.000207
0.001012
0.000225
0.000224
0.000138
0.000239
0.000137
0.000118
0.000147
0.000150
0.000215
0.000144
0.000204
0.002195
0.000142
0.000416
0.000209
0.001175
0.000132
0.000207
0.000195
0.000792
0.000751
0.000193
