0.000882
0.000380
0.000347
0.000246
0.000274
0.000297
0.000283
0.000572
0.000336
0.000171
0.000192
0.000269
0.001236
0.000168
0.001157
0.000324
0.000832
0.000275
0.000344
0.000816
0.000176
0.000371
0.000384
0.000394
0.000247
0.000189
0.000153
0.000156
0.000530
0.000282
0.000306
0.000204
0.000747
0.000292
0.000166
0.001098
0.000668
0.000291
0.000290
0.000284
0.000282
0.000187
0.000281
0.000867
0.000759
0.000197
0.001003
0.000281
0.000202
0.000270
0.000201
0.000176
0.000186
0.000260
0.000296
0.000240
0.001165
0.000290
0.000198
0.000279
0.000879
0.000282
0.000267
0.000229
0.001458
0.000347
0.000536
0.000168
0.000175
0.000482
0.001661
0.000750
0.000201
0.000963
0.000279
0.000155
0.000502
0.000255
0.001576
0.000162
0.000555
0.000673
0.000278
0.000329
0.000270
0.001203
0.000712
0.000285
0.000335
0.001435
0.000258
0.000555
0.000356
0.000284
0.000282
0.000600
0.000192
0.000222
0.000252
0.000328
0.000166
0.000196
0.000190
0.000371
0.000547
0.000255
0.000365
0.000370
0.000344
0.000211
0.001859
0.000375
0.002850
0.000263
0.000199
0.000344
0.000185
0.000204
0.001692
0.000578
0.000314
0.000186
0.000742
0.000522
0.000193
0.000199
0.000300
0.000196
0.000195
0.000568
0.000335
0.000217
0.000242
0.001489
0.000308
0.000287
0.000981
0.000263
0.000214
0.000263
0.000610
0.000290
0.000166
0.000275
0.000302
0.000314
0.000170
0.000633
0.000332
0.000809
0.000230
0.000377
0.000896
0.000711
0.000157
0.000281
0.000346
0.000185
0.000215
0.000517
0.000158
0.000174
0.001416
0.000202
0.000215
0.000278
0.000258
0.000495
0.000187
0.000195
0.000968
0.000304
0.000198
0.000212
0.000326
0.000300
0.000191
0.000609
0.000420
0.000153
0.000265
0.000345
0.000245
0.000357
0.000239
0.000351
0.000350
0.000284
0.000295
0.000282
0.000205
0.000268
0.000264
0.000377
0.000191
0.000196
0.000598
0.000345
0.000170
0.000160
0.001013
0.000381
0.000289
0.000180
0.000671
0.001241
0.000357
0.000248
0.000767
0.000543
0.000236
0.000591
0.000878
0.000719
0.000188
0.000283
0.000308
0.000203
0.000579
0.002483
0.002741
0.000191
0.000203
0.003346
0.000306
0.000199
0.002552
0.000588
0.000159
0.001075
0.000144
0.000269
0.002137
0.000979
0.000759
0.000186
0.000384
0.000325
0.000161
0.000367
0.001617
0.001085
0.000253
0.000197
0.000180
0.000194
0.000191
0.000202
0.000521
0.000243
0.000276
0.000157
0.000569
0.000280
0.000330
0.000277
0.001465
0.000257
0.000301
0.000212
0.000293
0.001377
0.000187
0.000203
0.000291
0.003524
0.000290
0.000320
0.000188
0.000262
0.000238
0.000370
0.000251
0.000297
0.000318
0.000185
0.000251
0.001805
0.000823
0.000350
0.000243
0.000219
0.000261
0.000150
0.001714
0.000774
0.000350
0.000302
0.000253
0.000221
0.000284
0.001012
0.000354
0.000190
0.000223
0.000299
0.000487
0.000181
0.000192
0.000913
0.000470
0.000176
0.000234
0.000365
0.000389
0.000282
0.000539
0.001237
0.000337
0.000616
0.000349
0.000278
0.000161
0.000309
0.001275
0.000281
0.000180
0.000263
0.000221
0.000162
0.000281
0.000725
0.000435
0.000725
0.000194
0.001243
0.000291
0.000202
0.000425
0.000860
0.000280
0.000197
0.000700
0.000757
0.000314
0.000198
0.000267
0.000159
0.000162
0.000445
0.000169
0.000278
0.000895
0.000267
0.000173
0.000193
0.001169
0.000581
0.000202
0.000209
0.000347
0.002790
0.000225
0.000373
0.000188
0.000189
0.000930
0.000325
0.000186
0.000273
0.000225
0.000293
0.000159
0.000976
0.001092
0.000274
0.000177
0.000196
0.000326
0.000240
0.000195
0.000194
0.001498
0.000368
0.000340
0.000198
0.000651
0.000911
0.000260
0.000265
0.000672
0.000189
0.000190
0.000595
0.002190
0.000233
0.000274
0.000643
0.000351
0.000194
0.000193
0.001631
0.001848
0.000166
0.000577
0.000632
0.000610
0.000347
0.000952
0.000265
0.000239
0.000277
0.000733
0.000285
0.000177
0.000264
0.000940
0.000300
0.000188
0.000648
0.000284
0.000168
0.000261
0.001232
0.000182
0.000172
0.001367
0.001238
0.000381
0.000366
0.000325
0.000171
0.000160
0.000780
0.000704
0.000228
0.000190
0.001062
0.000829
0.002682
0.001665
0.000162
0.000169
0.000225
0.000510
0.001259
0.000160
0.000268
0.000306
0.000189
0.000279
0.000998
0.002871
0.000207
0.000190
0.000825
0.000769
0.000241
0.000348
0.000264
0.000277
0.000299
0.002295
0.000751
0.000279
0.002744
0.000328
0.000297
0.000933
0.000372
0.000272
0.000275
0.000694
0.000323
0.000280
0.000197
0.000358
0.000345
0.000186
0.000247
0.000289
0.001051
0.001869
0.000188
0.000319
0.000260
0.000271
0.000287
0.000478
0.000270
0.000264
0.001386
0.000728
0.000188
0.000350
0.000364
0.000171
0.000358
0.000366
0.000331
0.000781
0.001259
0.000194
0.000255
0.000284
0.001022
0.000293
0.001181
0.002927
0.000165
