0.000703
0.000297
0.000224
0.000218
0.002195
0.000136
0.000587
0.001643
0.000313
0.000156
0.000305
0.000300
0.000307
0.000591
0.000151
0.001298
0.000204
0.000146
0.000292
0.003490
0.000216
0.000243
0.000363
0.001640
0.001682
0.000142
0.000760
0.000144
0.000327
0.000947
0.000341
0.000216
0.000258
0.000315
0.000225
0.000163
0.001214
0.000237
0.000150
0.000134
0.000161
0.000222
0.000308
0.000220
0.001344
0.000314
0.000207
0.000340
0.000208
0.000226
0.001790
0.000219
0.000145
0.000298
0.002078
0.000153
0.000147
0.000343
0.000272
0.000311
0.000263
0.000190
0.000155
0.000225
0.000308
0.001326
0.001324
0.000338
0.001147
0.000285
0.000344
0.000718
0.000530
0.000155
0.002297
0.000226
0.000216
0.000616
0.000207
0.000307
0.000177
0.000334
0.000270
0.000212
0.000311
0.000203
0.001030
0.000209
0.000220
0.000336
0.000722
0.000147
0.000231
0.000162
0.000238
0.000270
0.000556
0.000265
0.000165
0.000803
0.000577
0.000153
0.000995
0.000247
0.000233
0.000150
0.001361
0.000233
0.000164
0.000244
0.001285
0.000545
0.000544
0.000212
0.000172
0.000233
0.000256
0.000151
0.000165
0.000254
0.001230
0.000167
0.000595
0.000244
0.000259
0.000198
0.001109
0.000226
0.000473
0.001816
0.000572
0.000635
0.000201
0.000233
0.000160
0.000144
0.001390
0.000723
0.000216
0.000543
0.000297
0.000160
0.000243
0.000162
0.000159
0.000323
0.000469
0.000248
0.000305
0.001058
0.000750
0.000148
0.001179
0.000695
0.000147
0.000201
0.000256
0.000213
0.000335
0.000740
0.000148
0.000314
0.000197
0.000520
0.001313
0.000712
0.002362
0.000301
0.000326
0.000220
0.000210
0.000329
0.000529
0.000141
0.002177
0.001784
0.000237
0.000594
0.001330
0.000641
0.000228
0.001020
0.000630
0.000186
0.000164
0.000755
0.000730
0.000178
0.000243
0.000237
0.000234
0.000313
0.000297
0.000159
0.000309
0.000317
0.000213
0.000331
0.000210
0.000477
0.000345
0.000320
0.000263
0.000343
0.000144
0.000140
0.001221
0.000271
0.000323
0.000308
0.000215
0.000168
0.000162
0.001643
0.000144
0.000213
0.000310
0.000212
0.000199
0.000302
0.000333
0.000326
0.000319
0.000280
0.001565
0.000742
0.000340
0.000296
0.000293
0.000150
0.000205
0.000302
0.001409
0.001569
0.000220
0.000305
0.002799
0.000155
0.000277
0.001137
0.001827
0.000144
0.000298
0.000339
0.000273
0.000325
0.000251
0.000370
0.000141
0.000234
0.000223
0.001825
0.000162
0.000354
0.000226
0.000302
0.000208
0.000316
0.000215
0.000151
0.000498
0.002959
0.000726
0.000319
0.000300
0.001439
0.000434
0.000329
0.002442
0.000320
0.000221
0.000717
0.000741
0.001235
0.000234
0.000220
0.000687
0.001307
0.000155
0.000364
0.000215
0.000151
0.000152
0.000597
0.002804
0.000311
0.000360
0.000762
0.000215
0.000295
0.001085
0.000340
0.000317
0.002235
0.001817
0.000212
0.000213
0.000941
0.000304
0.000155
0.002634
0.003745
0.000306
0.000222
0.000321
0.000153
0.000211
0.000311
0.000592
0.000310
0.000294
0.000151
0.000142
0.000301
0.001383
0.000208
0.000157
0.000340
0.000339
0.000209
0.000305
0.000365
0.000946
0.000358
0.000321
0.000317
0.000321
0.000616
0.000527
0.000216
0.000158
0.002365
0.000157
0.000146
0.000220
0.000705
0.000240
0.000183
0.001145
0.000250
0.001842
0.000525
0.000555
0.001115
0.000147
0.000248
0.000688
0.000793
0.000144
0.000977
0.000213
0.000158
0.000223
0.000305
0.000305
0.000151
0.000291
0.001097
0.000217
0.000309
0.001103
0.001897
0.000214
0.000998
0.000685
0.000211
0.000229
0.001386
0.000238
0.000258
0.000507
0.001011
0.001807
0.000192
0.000236
0.000339
0.000202
0.000310
0.000430
0.000156
0.000225
0.000572
0.000150
0.000377
0.000509
0.000139
0.000214
0.000231
0.000333
0.000162
0.000165
0.000182
0.000882
0.000150
0.000160
0.001224
0.000257
0.000160
0.000255
0.001244
0.000250
0.000240
0.000240
0.000373
0.000163
0.000217
0.001327
0.000141
0.000152
0.000220
0.000454
0.000775
0.000154
0.000839
0.001126
0.000215
0.000159
0.000235
0.000293
0.000148
0.000947
0.001161
0.000242
0.000151
0.000191
0.001085
0.000303
0.000157
0.000313
0.000670
0.000297
0.000142
0.000312
0.002241
0.000152
0.002114
0.000320
0.000301
0.000321
0.000204
0.000161
0.000217
0.001242
0.000327
0.000144
0.000300
0.000257
0.000323
0.000314
0.000195
0.000349
0.000232
0.000234
0.000254
0.000831
0.000541
0.000168
0.000603
0.001231
0.000164
0.000180
0.002548
0.003492
0.000307
0.000227
0.000692
0.000768
0.000176
0.000324
0.001597
0.000310
0.000317
0.000329
0.000219
0.000216
0.001228
0.000316
0.000141
0.001257
0.000317
0.000315
0.000207
0.001750
0.000280
0.000222
0.001045
0.000282
0.000378
0.000210
0.000303
0.000529
0.000315
0.001068
0.001931
0.000321
0.000309
0.001431
0.000347
0.000354
0.000319
