0.000136
0.000254
0.000166
0.000470
0.000571
0.000145
0.000160
0.001326
0.000679
0.000168
0.000302
0.000303
0.000151
0.001647
0.000186
0.000133
0.000789
0.000262
0.000262
0.000573
0.000713
0.000159
0.000145
0.000229
0.000300
0.000316
0.000131
0.001588
0.000477
0.000347
0.000325
0.000325
0.000146
0.000307
0.000609
0.000136
0.000353
0.000549
0.000320
0.000313
0.000342
0.000329
0.000761
0.000147
0.000332
0.000319
0.000139
0.000240
0.001346
0.000411
0.000145
0.000820
0.000170
0.000163
0.000223
0.001978
0.000820
0.000171
0.000167
0.000631
0.000308
0.000171
0.000925
0.000762
0.000155
0.000232
0.000308
0.000225
0.000160
0.000173
0.000174
0.000379
0.000150
0.000154
0.000147
0.000310
0.000694
0.000234
0.000341
0.000317
0.000144
0.000174
0.000236
0.000278
0.000248
0.000683
0.000261
0.000139
0.000170
0.000284
0.000224
0.000166
0.000582
0.000261
0.000233
0.000232
0.000233
0.000171
0.000247
0.001285
0.000239
0.000234
0.000224
0.001054
0.000168
0.000212
0.000591
0.000243
0.000232
0.000631
0.000148
0.000310
0.000236
0.002739
0.000153
0.000239
0.000317
0.000814
0.000167
0.000165
0.000301
0.000735
0.000224
0.000153
0.000263
0.000133
0.000240
0.001576
0.000342
0.000223
0.000232
0.001557
0.000228
0.000272
0.000158
0.000344
0.000223
0.000225
0.000504
0.000714
0.000238
0.000251
0.000934
0.000134
0.000269
0.000257
0.000250
0.000170
0.000237
0.000245
0.000263
0.000243
0.000235
0.000238
0.000750
0.000153
0.000911
0.000220
0.000223
0.000249
0.000291
0.000165
0.000238
0.000346
0.000306
0.000221
0.000330
0.000164
0.000265
0.000314
0.000340
0.000129
0.000267
0.000494
0.000227
0.000685
0.000372
0.000159
0.000238
0.000309
0.000327
0.000153
0.000173
0.000960
0.001018
0.000162
0.000251
0.000246
0.000776
0.000241
0.000145
0.000234
0.000172
0.000249
0.000147
0.000799
0.000236
0.000231
0.000229
0.000413
0.002469
0.000164
0.002219
0.000316
0.000160
0.000967
0.000249
0.000155
0.000249
0.000161
0.000515
0.000626
0.000435
0.000239
0.000161
0.000181
0.000216
0.000361
0.000139
0.000205
0.000193
0.000254
0.000169
0.000234
0.000245
0.000235
0.000895
0.000241
0.000220
0.000249
0.001270
0.000894
0.000530
0.000396
0.000340
0.001274
0.000162
0.000283
0.000342
0.000348
0.000227
0.000529
0.000170
0.000147
0.000256
0.000756
0.000596
0.000148
0.000160
0.000390
0.000160
0.000162
0.000141
0.001720
0.000234
0.000866
0.000656
0.000162
0.000248
0.000862
0.001864
0.000167
0.000250
0.000199
0.000256
0.000168
0.000161
0.000363
0.000227
0.000146
0.000768
0.000425
0.000160
0.001417
0.000810
0.000256
0.000218
0.000519
0.000146
0.000167
0.000415
0.001396
0.000233
0.000233
0.000236
0.002082
0.000232
0.000229
0.000323
0.000317
0.000198
0.000316
0.000324
0.000150
0.000318
0.001817
0.000163
0.000168
0.000311
0.000156
0.000146
0.000972
0.000149
0.000244
0.000168
0.000300
0.000333
0.000243
0.000209
0.001186
0.000152
0.000376
0.000139
0.000266
0.000175
0.000224
0.002267
0.000253
0.000141
0.000165
0.000232
0.001330
0.000246
0.000168
0.000249
0.000240
0.000759
0.000230
0.001592
0.000159
0.000155
0.000549
0.000333
0.000157
0.000163
0.000301
0.000159
0.000140
0.000228
0.000643
0.001515
0.000144
0.000327
0.000344
0.000236
0.000137
0.000189
0.000238
0.000255
0.000147
0.000275
0.000259
0.000164
0.000158
0.000177
0.001203
0.000251
0.000169
0.000780
0.003704
0.000158
0.000246
0.000158
0.000158
0.000217
0.000532
0.000132
0.000163
0.001965
0.001328
0.000220
0.001241
0.000230
0.000246
0.001626
0.001182
0.000825
0.000242
0.000208
0.000530
0.000170
0.002481
0.001075
0.000229
0.000132
0.001143
0.001233
0.000328
0.000319
0.000991
0.000296
0.000136
0.000164
0.000523
0.000649
0.001750
0.000149
0.000304
0.000483
0.000396
0.000217
0.000261
0.000602
0.000597
0.000215
0.001220
0.000243
0.000163
0.000215
0.001648
0.000148
0.000238
0.001571
0.000361
0.000236
0.001695
0.002219
0.000225
0.000250
0.000649
0.000205
0.000146
0.002476
0.000221
0.000240
0.000172
0.000410
0.000225
0.000229
0.000232
0.000144
0.000250
0.000991
0.000240
0.000282
0.000149
0.001236
0.000790
0.000251
0.001183
0.001048
0.000135
0.000146
0.001142
0.000223
0.000171
0.000245
0.000747
0.000579
0.000192
0.000166
0.000590
0.000182
0.000197
0.000238
0.000325
0.001396
0.000137
0.001125
0.000137
0.000337
0.000338
0.000234
0.000227
0.000327
0.000238
0.002343
0.000143
0.000962
0.000176
0.000212
0.000234
0.000217
0.000154
0.000245
0.001065
0.000337
0.000240
0.000279
0.000151
0.000174
0.000264
0.000594
0.000284
0.000311
0.000167
0.000221
0.000268
0.000760
0.000164
0.001260
0.001823
0.000246
0.000235
0.000160
0.000245
0.000241
0.000960
0.000227
0.000170
