0.000286
0.000774
0.000274
0.001473
0.000726
0.000217
0.000309
0.002424
0.000344
0.000210
0.001306
0.000337
0.000217
0.000341
0.001675
0.000354
0.000163
0.000321
0.000313
0.000324
0.000155
0.001130
0.000717
0.000218
0.000328
0.000317
0.000615
0.000407
0.001031
0.000154
0.001613
0.001790
0.000324
0.000228
0.000341
0.000220
0.000321
0.003182
0.000328
0.000218
0.000320
0.000332
0.001351
0.000227
0.000684
0.000335
0.000214
0.000232
0.000277
0.000390
0.000297
0.001595
0.001301
0.000153
0.000202
0.000274
0.000540
0.000222
0.001502
0.000433
0.000346
0.000211
0.002479
0.000324
0.000157
0.000324
0.000319
0.001807
0.000210
0.001616
0.000668
0.000291
0.000635
0.000325
0.000539
0.000234
0.000295
0.001441
0.000352
0.000323
0.001137
0.000148
0.000175
0.000339
0.000732
0.000817
0.000151
0.001217
0.000324
0.000172
0.001868
0.001270
0.000156
0.000198
0.000861
0.000352
0.000167
0.001056
0.001302
0.000394
0.000181
0.000546
0.000295
0.000160
0.000186
0.000293
0.000571
0.000145
0.000185
0.000285
0.000297
0.000162
0.000289
0.000291
0.000156
0.000280
0.000191
0.000660
0.000971
0.000401
0.000156
0.000256
0.000172
0.000157
0.000662
0.000275
0.000772
0.000832
0.000629
0.000454
0.000696
0.000271
0.001315
0.000182
0.000212
0.000478
0.001737
0.000144
0.002054
0.000343
0.000334
0.000356
0.000344
0.000340
0.000182
0.000328
0.000185
0.000959
0.000190
0.000157
0.000423
0.000291
0.000185
0.001225
0.000288
0.000158
0.000148
0.000667
0.000730
0.000185
0.000272
0.000313
0.000159
0.000182
0.000342
0.000625
0.000159
0.000327
0.000339
0.000161
0.000314
0.001052
0.001218
0.000207
0.000325
0.003159
0.000783
0.000157
0.000339
0.000776
0.000596
0.000316
0.001669
0.000336
0.000213
0.000162
0.000582
0.000724
0.000207
0.000814
0.000635
0.000739
0.000333
0.000315
0.000368
0.000330
0.000335
0.000176
0.000331
0.000231
0.000216
0.001734
0.000322
0.000152
0.000289
0.001673
0.000284
0.000194
0.000221
0.000791
0.000181
0.001053
0.000243
0.000189
0.000218
0.000240
0.000283
0.000182
0.000625
0.000283
0.000279
0.000281
0.000279
0.001680
0.001570
0.000282
0.000269
0.000429
0.000276
0.000276
0.001733
0.001802
0.000183
0.001148
0.001849
0.000336
0.000224
0.000346
0.000318
0.000322
0.000731
0.000629
0.000225
0.000229
0.000326
0.000834
0.000286
0.000273
0.000161
0.000194
0.000280
0.000156
0.000996
0.000332
0.000330
0.000308
0.000335
0.000999
0.000327
0.000328
0.000161
0.001304
0.000668
0.000242
0.001615
0.000829
0.000313
0.000222
0.000884
0.000169
0.000373
0.000623
0.001076
0.000341
0.000236
0.000366
0.000367
0.000147
0.000262
0.000570
0.000277
0.000205
0.001240
0.001670
0.000209
0.000309
0.000277
0.000156
0.000272
0.000752
0.000148
0.000278
0.000320
0.000223
0.000214
0.000222
0.000217
0.000328
0.000148
0.000222
0.000316
0.000229
0.000349
0.000223
0.000424
0.000826
0.000225
0.000214
0.000245
0.000287
0.000160
0.000277
0.000780
0.000210
0.000244
0.000824
0.000218
0.000235
0.000328
0.000223
0.000470
0.000160
0.000325
0.000919
0.000280
0.000178
0.000190
0.001783
0.000626
0.000214
0.000268
0.000281
0.000235
0.001341
0.001236
0.000291
0.000157
0.000301
0.000291
0.000157
0.000268
0.002858
0.000208
0.002488
0.000649
0.000220
0.000177
0.000590
0.000319
0.000225
0.000238
0.000763
0.000310
0.000334
0.001036
0.000331
0.000179
0.000174
0.002098
0.000322
0.000352
0.000166
0.000611
0.000150
0.000209
0.001190
0.000212
0.000569
0.000290
0.000262
0.000153
0.000157
0.000274
0.000305
0.000160
0.000237
0.000719
0.000488
0.000318
0.000221
0.001129
0.000279
0.000185
0.000223
0.000575
0.000278
0.000281
0.000271
0.000850
0.000183
0.000160
0.000206
0.000269
0.000181
0.000193
0.000609
0.000287
0.000788
0.000184
0.000261
0.001358
0.000259
0.000244
0.000278
0.000185
0.000186
0.001578
0.002391
0.000186
0.000223
0.000318
0.000179
0.000326
0.000150
0.000886
0.000151
0.000346
0.000173
0.000336
0.001856
0.000330
0.000347
0.000453
0.000151
0.000603
0.001229
0.001845
0.000214
0.001367
0.000160
0.000151
0.000155
0.000837
0.000158
0.000282
0.000570
0.000498
0.000296
0.000176
0.000194
0.001470
0.001201
0.000278
0.000185
0.000764
0.000510
0.000145
0.000277
0.000283
0.000179
0.001072
0.000802
0.002881
0.000230
0.000637
0.000342
0.000223
0.000627
0.000330
0.000331
0.000223
0.000631
0.000152
0.000301
0.000339
0.000210
0.000213
0.000339
0.000969
0.000317
0.000236
0.000539
0.000326
0.000222
0.001211
0.001456
0.000326
0.001046
0.000789
0.000339
0.000237
0.000639
0.000335
0.000340
0.000313
0.000352
0.000330
0.000317
0.000452
0.000595
0.000594
0.000275
0.000533
0.000641
0.000295
0.000332
0.000266
0.000263
0.000193
0.000306
