0.000145
0.001090
0.001308
0.000297
0.000710
0.000809
0.000180
0.000643
0.001262
0.000171
0.000194
0.000260
0.000147
0.000177
0.000550
0.000313
0.000180
0.000617
0.000244
0.000240
0.000305
0.000211
0.000358
0.001845
0.000398
0.000195
0.000375
0.000282
0.000359
0.000172
0.001156
0.000298
0.000196
0.000162
0.001246
0.000735
0.000253
0.003200
0.002546
0.000244
0.000239
0.000340
0.000273
0.000272
0.000913
0.000304
0.000235
0.000349
0.000351
0.000160
0.000593
0.000353
0.000235
0.000233
0.000333
0.000297
0.000203
0.000169
0.000324
0.000149
0.000206
0.000353
0.000322
0.000235
0.000188
0.000271
0.002878
0.000187
0.000243
0.000328
0.000170
0.000249
0.000200
0.000294
0.000150
0.000978
0.000338
0.000471
0.000142
0.001829
0.000310
0.000356
0.000252
0.000571
0.000151
0.000160
0.001344
0.000198
0.000229
0.000987
0.001721
0.000352
0.000259
0.000273
0.000313
0.000206
0.000159
0.000571
0.001900
0.000287
0.001267
0.001827
0.000282
0.001636
0.000305
0.000195
0.000272
0.000889
0.000239
0.000280
0.000577
0.001087
0.000247
0.000229
0.000205
0.000666
0.000185
0.000277
0.000145
0.000315
0.000151
0.000290
0.001083
0.000664
0.000275
0.000629
0.001368
0.000300
0.000190
0.001049
0.000232
0.000188
0.000195
0.000284
0.000286
0.000199
0.000349
0.000270
0.000190
0.001485
0.001221
0.000281
0.000284
0.000802
0.000191
0.000137
0.000838
0.000326
0.000294
0.000283
0.000657
0.000281
0.000184
0.000286
0.000326
0.000265
0.000277
0.000547
0.001015
0.000298
0.000288
0.000550
0.000419
0.000243
0.000186
0.004241
0.001531
0.000181
0.002688
0.000307
0.000278
0.000258
0.000213
0.002514
0.000417
0.000288
0.000300
0.001502
0.000202
0.000309
0.000272
0.000302
0.000257
0.000290
0.000278
0.000834
0.000271
0.000639
0.002129
0.001715
0.000259
0.000170
0.000781
0.000225
0.000257
0.000327
0.000469
0.000221
0.000247
0.000244
0.000309
0.000192
0.000179
0.000236
0.000202
0.000175
0.002206
0.000332
0.000271
0.000264
0.000275
0.000141
0.000182
0.001518
0.000846
0.000317
0.000347
0.000237
0.000364
0.000243
0.001540
0.000365
0.000181
0.000743
0.001498
0.000148
0.000230
0.000347
0.000256
0.000328
0.001621
0.000660
0.000308
0.000237
0.000647
0.000329
0.000325
0.000543
0.000204
0.000155
0.001186
0.000314
0.000143
0.000228
0.000258
0.000289
0.000247
0.000278
0.000291
0.000188
0.000211
0.000269
0.000277
0.000154
0.000154
0.000636
0.000310
0.000287
0.000256
0.000515
0.000257
0.000231
0.000228
0.000319
0.000390
0.000143
0.000220
0.002622
0.000410
0.000264
0.000164
0.000269
0.001238
0.000373
0.000157
0.000670
0.000147
0.000259
0.000439
0.000159
0.000182
0.000167
0.001077
0.000281
0.000252
0.000275
0.000555
0.000243
0.000235
0.000687
0.000165
0.000348
0.000239
0.000323
0.000540
0.000260
0.000272
0.000651
0.000261
0.000209
0.001219
0.001575
0.000499
0.000235
0.000333
0.000540
0.000322
0.000278
0.000318
0.000241
0.000225
0.001881
0.000362
0.002479
0.000284
0.000433
0.000251
0.000231
0.000230
0.000237
0.000319
0.000185
0.000258
0.000324
0.000285
0.000268
0.000264
0.003054
0.000162
0.000269
0.002227
0.000453
0.000150
0.000525
0.001619
0.000178
0.000175
0.002653
0.000335
0.000145
0.000256
0.000275
0.000171
0.000354
0.000709
0.000364
0.000248
0.000340
0.000173
0.000151
0.000182
0.000293
0.000152
0.000200
0.000244
0.000244
0.000256
0.000241
0.000360
0.000353
0.000163
0.000235
0.000305
0.000687
0.000343
0.000266
0.000608
0.000149
0.000272
0.000252
0.000306
0.000142
0.000192
0.000342
0.000219
0.000185
0.000266
0.000300
0.002943
0.000793
0.000564
0.000549
0.001116
0.000187
0.000206
0.000510
0.000288
0.000200
0.000208
0.001001
0.000628
0.000176
0.000181
0.001667
0.003024
0.002863
0.000280
0.000368
0.000528
0.000823
0.000250
0.000554
0.000500
0.000149
0.000616
0.000283
0.000228
0.000221
0.000515
0.000191
0.000685
0.000284
0.001996
0.000240
0.000203
0.000211
0.000243
0.000195
0.000477
0.000184
0.000191
0.000270
0.000288
0.001490
0.000187
0.000250
0.001773
0.000255
0.002248
0.000767
0.000182
0.000280
0.000209
0.000300
0.000167
0.001200
0.000254
0.000171
0.002028
0.000843
0.000270
0.000148
0.000216
0.000680
0.000156
0.000270
0.000282
0.001232
0.000304
0.000178
0.000248
0.000341
0.000190
0.000631
0.000631
0.000235
0.000176
0.000319
0.000366
0.000163
0.001024
0.000780
0.001416
0.000319
0.000564
0.000222
0.000153
0.000794
0.000171
0.000154
0.001586
0.000676
0.000304
0.000199
0.001614
0.000169
0.000183
0.000314
0.000904
0.000241
0.000156
0.000575
0.000205
0.000175
0.000282
0.000683
0.000158
0.000287
0.000738
0.002333
0.000148
0.000177
0.001686
0.000337
0.000250
0.000348
0.001059
0.000185
0.000202
0.000271
