0.002360
0.000224
0.000890
0.000312
0.000203
0.000338
0.000983
0.000315
0.001149
0.000579
0.000235
0.000252
0.000674
0.001119
0.000376
0.000602
0.000888
0.000230
0.003265
0.000352
0.000637
0.000247
0.001092
0.000760
0.000207
0.000361
0.001009
0.000767
0.000242
0.002131
0.001870
0.000243
0.000882
0.000881
0.000621
0.000189
0.001293
0.000332
0.000239
0.000244
0.000187
0.000367
0.000225
0.000267
0.000344
0.000363
0.000357
0.000368
0.000349
0.002219
0.000777
0.000356
0.000259
0.000235
0.000235
0.000358
0.000272
0.001009
0.000170
0.000191
0.001669
0.000765
0.000325
0.000204
0.000788
0.001301
0.000204
0.000604
0.003113
0.000225
0.000643
0.002560
0.000675
0.000372
0.000350
0.000832
0.000249
0.000353
0.000236
0.001646
0.000526
0.000749
0.000302
0.000357
0.000337
0.000928
0.001225
0.000772
0.000242
0.000340
0.000351
0.000785
0.000257
0.000962
0.000400
0.000314
0.000247
0.000365
0.000203
0.000330
0.000846
0.000344
0.000305
0.000197
0.000491
0.001717
0.000340
0.002285
0.000344
0.000242
0.000252
0.000187
0.001745
0.000206
0.000500
0.001134
0.000468
0.000195
0.002384
0.001825
0.000380
0.002757
0.001065
0.001940
0.000651
0.000698
0.000236
0.000230
0.000340
0.000909
0.001007
0.000351
0.000341
0.000363
0.000196
0.000240
0.000347
0.000191
0.000195
0.000211
0.000315
0.000296
0.000482
0.000305
0.001095
0.000332
0.000240
0.000316
0.000304
0.000214
0.000210
0.000334
0.000238
0.000816
0.000217
0.000829
0.000314
0.000209
0.001224
0.001194
0.000367
0.000349
0.001122
0.000355
0.000714
0.000233
0.000237
0.001425
0.000363
0.000375
0.000747
0.000770
0.000593
0.000246
0.002323
0.000391
0.000248
0.002991
0.000369
0.000338
0.001283
0.000358
0.000367
0.000376
0.000358
0.000760
0.000238
0.001685
0.000354
0.000332
0.000357
0.000202
0.000348
0.000241
0.001591
0.000333
0.000240
0.000360
0.000234
0.001410
0.000715
0.000242
0.000234
0.000304
0.001782
0.000229
0.000345
0.000220
0.000248
0.001866
0.000574
0.000519
0.000203
0.000364
0.000239
0.000342
0.000352
0.002934
0.000345
0.000236
0.000256
0.001438
0.000564
0.000370
0.000293
0.002933
0.002757
0.002328
0.000372
0.000287
0.001455
0.000480
0.001234
0.001853
0.003381
0.001966
0.000342
0.000375
0.000376
0.000345
0.000286
0.001280
0.002825
0.000372
0.000234
0.001854
0.000363
0.000241
0.000200
0.000331
0.000369
0.000375
0.001057
0.002984
0.001804
0.000711
0.001312
0.000341
0.000336
0.000356
0.000298
0.000263
0.000359
0.000225
0.000360
0.000213
0.000348
0.001847
0.000321
0.000217
0.000314
0.000774
0.002788
0.000352
0.001070
0.000708
0.000210
0.003146
0.000453
0.000726
0.000795
0.000237
0.000753
0.000510
0.000238
0.001421
0.000827
0.000372
0.000234
0.001948
0.002624
0.000207
0.000236
0.001054
0.000349
0.000638
0.000200
0.003882
0.000793
0.000305
0.003140
0.000351
0.000192
0.000258
0.000217
0.002367
0.000322
0.000367
0.000585
0.000231
0.000220
0.000683
0.000327
0.000211
0.000223
0.000312
0.000187
0.000215
0.000748
0.000724
0.000180
0.000209
0.000602
0.000421
0.000317
0.000302
0.000317
0.001915
0.001472
0.001407
0.000274
0.000232
0.001314
0.000234
0.000954
0.000536
0.000531
0.000322
0.000884
0.000418
0.000211
0.001095
0.000787
0.000312
0.002353
0.000324
0.000322
0.000218
0.000785
0.000342
0.000201
0.000189
0.000852
0.000360
0.000376
0.000365
0.000359
0.000881
0.000210
0.000234
0.001291
0.000317
0.000302
0.000326
0.000232
0.001239
0.001732
0.001713
0.000180
0.001304
0.000314
0.000202
0.000322
0.001283
0.000308
0.000173
0.001312
0.000851
0.000233
0.001244
0.000662
0.001507
0.000707
0.000184
0.000317
0.001900
0.000410
0.000354
0.000494
0.001743
0.000290
0.000239
0.000343
0.000361
0.000243
0.000914
0.000736
0.000951
0.000241
0.000399
0.000818
0.000325
0.000186
0.000222
0.000790
0.000313
0.000189
0.000214
0.000326
0.000305
0.000220
0.000208
0.000794
0.000337
0.000300
0.000228
0.000362
0.000253
0.000195
0.002205
0.001316
0.000355
0.000361
0.000734
0.000458
0.000367
0.000368
0.000705
0.001539
0.000364
0.000345
0.000751
0.000211
0.000365
0.000921
0.000345
0.000530
0.000352
0.000357
0.000204
0.000373
0.000377
0.000363
0.000293
0.000967
0.000341
0.001005
0.000244
0.000674
0.000321
0.000344
0.001834
0.000775
0.000353
0.000220
0.001179
0.001015
0.000184
0.000330
0.000336
0.000358
0.000364
0.000311
0.000334
0.000332
0.000782
0.000373
0.001262
0.000321
0.000219
0.000387
0.002566
0.000256
0.000620
0.000326
0.000319
0.000315
0.000315
0.000229
0.000316
0.000337
0.001890
0.000310
0.000310
0.003767
0.000182
0.000200
0.000328
0.001171
0.000332
0.000221
0.000318
0.000375
0.000625
0.002869
0.000657
0.000316
0.000362
0.000331
0.002850
