0.000353
0.000324
0.000288
0.001289
0.001798
0.001657
0.000612
0.000364
0.000313
0.001027
0.000304
0.000363
0.000311
0.001236
0.000353
0.000308
0.000771
0.000165
0.000329
0.000787
0.000169
0.000315
0.000360
0.000317
0.000214
0.000220
0.000365
0.000319
0.000303
0.000324
0.000408
0.000216
0.000301
0.000353
0.000208
0.001103
0.000364
0.000493
0.000251
0.000327
0.000705
0.000200
0.000469
0.000282
0.000985
0.000184
0.000283
0.002406
0.000169
0.003293
0.000315
0.000171
0.000316
0.002246
0.002823
0.000288
0.000360
0.000298
0.000574
0.000210
0.000923
0.000180
0.000374
0.000268
0.000349
0.000289
0.000362
0.000303
0.000845
0.000363
0.000581
0.000354
0.000356
0.002190
0.000346
0.000261
0.000297
0.000296
0.000324
0.000298
0.001008
0.000286
0.000235
0.000359
0.000338
0.002742
0.000200
0.000220
0.001891
0.001814
0.000217
0.001334
0.000417
0.000193
0.000202
0.000962
0.000321
0.000222
0.000321
0.000945
0.000293
0.000365
0.000295
0.000363
0.000235
0.000256
0.001068
0.000321
0.000216
0.000330
0.000332
0.001455
0.000172
0.000312
0.000356
0.000647
0.000281
0.000258
0.000164
0.000264
0.000331
0.000179
0.000228
0.000314
0.001274
0.000787
0.000305
0.000418
0.000353
0.000194
0.000369
0.000364
0.001220
0.000517
0.000214
0.000204
0.000408
0.000174
0.000996
0.000286
0.000230
0.000325
0.000322
0.002634
0.000345
0.000166
0.001202
0.000726
0.000177
0.001019
0.000638
0.000353
0.000211
0.000282
0.000613
0.000165
0.000342
0.000345
0.000328
0.000188
0.000645
0.000304
0.000182
0.000703
0.000359
0.000263
0.000322
0.001023
0.000220
0.000277
0.000389
0.000249
0.000261
0.000318
0.000855
0.002785
0.000227
0.003174
0.000575
0.000348
0.000347
0.001513
0.000668
0.000327
0.000209
0.000549
0.000347
0.000385
0.000233
0.000593
0.000340
0.000791
0.000456
0.000360
0.000372
0.000175
0.000298
0.001994
0.000327
0.000225
0.000551
0.000346
0.000397
0.000688
0.000824
0.000174
0.000337
0.002634
0.000721
0.000168
0.000257
0.000209
0.001395
0.000174
0.001629
0.000610
0.000347
0.003619
0.000224
0.000396
0.000498
0.000720
0.000252
0.000296
0.000775
0.000182
0.002083
0.000294
0.004005
0.000316
0.001582
0.000375
0.000322
0.000632
0.000342
0.000240
0.000318
0.000604
0.001746
0.000318
0.000300
0.001316
0.000326
0.000215
0.000342
0.000170
0.000294
0.000279
0.000323
0.000227
0.000305
0.000338
0.000309
0.000311
0.000952
0.000832
0.000272
0.000206
0.000682
0.000190
0.000308
0.001044
0.000345
0.000326
0.000317
0.000255
0.001304
0.000303
0.000319
0.000294
0.000538
0.000221
0.000235
0.000332
0.001232
0.000342
0.001047
0.000364
0.000219
0.002335
0.001159
0.000354
0.000308
0.000389
0.000243
0.000190
0.000954
0.001755
0.002869
0.001072
0.000338
0.000210
0.000222
0.000232
0.000248
0.000216
0.002030
0.000315
0.000455
0.000180
0.000412
0.000357
0.000469
0.000179
0.000266
0.000445
0.000303
0.000176
0.000299
0.001909
0.000361
0.000681
0.000381
0.000223
0.000327
0.001255
0.000974
0.000401
0.000398
0.000376
0.000525
0.000212
0.000360
0.000290
0.001897
0.000233
0.001824
0.001508
0.000210
0.000221
0.001237
0.001874
0.000303
0.000367
0.001663
0.001444
0.001739
0.000499
0.000228
0.000238
0.000329
0.000227
0.000329
0.000174
0.000218
0.000222
0.000257
0.001679
0.000210
0.000234
0.000333
0.000347
0.000178
0.000176
0.000387
0.000628
0.000186
0.000309
0.000229
0.000196
0.000256
0.000238
0.000655
0.001207
0.000774
0.000364
0.000224
0.000359
0.001479
0.000159
0.000334
0.000567
0.001895
0.000218
0.002087
0.000532
0.000357
0.000864
0.000256
0.000331
0.000555
0.001726
0.000342
0.000227
0.000815
0.000698
0.000573
0.000318
0.000313
0.000230
0.001657
0.000397
0.000319
0.000171
0.000353
0.000375
0.000334
0.000367
0.000326
0.000292
0.003636
0.000240
0.000201
0.001255
0.000311
0.000219
0.000279
0.000339
0.000191
0.000309
0.000609
0.000330
0.000219
0.001668
0.000260
0.000400
0.000331
0.000337
0.001021
0.000265
0.000328
0.000310
0.000285
0.000842
0.000819
0.000168
0.001105
0.000362
0.000257
0.002698
0.001943
0.000314
0.000212
0.000380
0.000342
0.000296
0.000197
0.000328
0.000328
0.000241
0.000541
0.001013
0.000179
0.000239
0.000313
0.000318
0.000164
0.000221
0.000380
0.000708
0.000231
0.000309
0.000328
0.000228
0.000318
0.001607
0.000213
0.000208
0.001596
0.000191
0.000592
0.000316
0.001193
0.000267
0.000386
0.000197
0.000347
0.001638
0.001269
0.000316
0.000176
0.001339
0.000795
0.000178
0.000223
0.002923
0.000185
0.000237
0.000686
0.001231
0.000307
0.000650
0.000349
0.000335
0.000231
0.000216
0.000334
0.000207
0.000188
0.000591
0.001575
0.000238
0.000153
0.001713
0.000320
0.000186
0.000281
0.000994
0.000352
0.000224
