0.000333
0.000514
0.000255
0.002310
0.000210
0.000211
0.000209
0.000698
0.000146
0.000264
0.000284
0.000153
0.000215
0.000314
0.000206
0.000323
0.000211
0.001708
0.000310
0.000208
0.000943
0.000305
0.000197
0.000198
0.000143
0.000306
0.000335
0.002621
0.000207
0.000308
0.000271
0.000202
0.000617
0.000317
0.000818
0.001412
0.000262
0.000231
0.001004
0.001269
0.000348
0.000144
0.000871
0.000202
0.000296
0.000315
0.000327
0.000223
0.000163
0.000483
0.000519
0.000293
0.001701
0.000318
0.000208
0.001499
0.000313
0.000297
0.000869
0.000147
0.000312
0.000530
0.000596
0.000723
0.000203
0.000201
0.000312
0.000144
0.001206
0.000335
0.000434
0.000300
0.000293
0.000479
0.000583
0.000324
0.001740
0.000604
0.000164
0.000233
0.000530
0.000166
0.000164
0.000997
0.000207
0.000146
0.000250
0.000279
0.000151
0.000316
0.000206
0.000831
0.000324
0.000309
0.001292
0.001850
0.000137
0.000219
0.000202
0.000157
0.000310
0.000142
0.001054
0.000298
0.000324
0.000976
0.000298
0.000299
0.000215
0.000497
0.000209
0.000129
0.002966
0.000392
0.000287
0.000309
0.001227
0.000152
0.000197
0.000310
0.001356
0.000148
0.000263
0.000203
0.000321
0.000197
0.000313
0.000207
0.000208
0.000209
0.000311
0.000458
0.000157
0.000317
0.000314
0.000161
0.000316
0.000596
0.001238
0.000308
0.000206
0.000810
0.000253
0.000427
0.000144
0.000191
0.000868
0.000286
0.000175
0.000245
0.000263
0.000143
0.000202
0.000967
0.000150
0.000212
0.000148
0.000165
0.001439
0.000173
0.000617
0.000170
0.001200
0.000249
0.000155
0.000158
0.000222
0.000173
0.000168
0.000161
0.001005
0.000167
0.000239
0.000168
0.000233
0.000173
0.000136
0.000564
0.000153
0.000345
0.000265
0.001247
0.000303
0.000160
0.000315
0.000269
0.000459
0.000150
0.000282
0.000869
0.000311
0.000147
0.000297
0.000302
0.000140
0.000310
0.001196
0.000295
0.000129
0.001200
0.000149
0.000225
0.000246
0.000809
0.000634
0.000139
0.000178
0.001339
0.000159
0.000253
0.002224
0.000246
0.000209
0.000309
0.000207
0.000293
0.000210
0.001867
0.000211
0.000154
0.000305
0.000643
0.000143
0.000673
0.000160
0.000208
0.000210
0.000363
0.000539
0.000303
0.000239
0.000149
0.000258
0.000215
0.000156
0.000166
0.000166
0.000246
0.000286
0.000203
0.000205
0.000205
0.000208
0.000165
0.000801
0.000149
0.000202
0.000200
0.000602
0.001218
0.000159
0.000331
0.001205
0.000674
0.000294
0.000545
0.000341
0.000210
0.001730
0.000750
0.000132
0.000208
0.000313
0.000315
0.000413
0.000309
0.000493
0.000138
0.000201
0.000218
0.000920
0.000561
0.000139
0.000651
0.000161
0.000162
0.000241
0.000153
0.000305
0.000164
0.000234
0.000265
0.000168
0.000155
0.001022
0.000253
0.000240
0.000468
0.000149
0.000262
0.003497
0.000438
0.000250
0.000172
0.000561
0.001178
0.000205
0.000252
0.000142
0.000446
0.000883
0.000282
0.000246
0.000159
0.000235
0.000306
0.000327
0.001243
0.000144
0.000293
0.000213
0.000877
0.000152
0.000296
0.000826
0.000330
0.000240
0.000238
0.000279
0.000256
0.000183
0.000209
0.000294
0.001634
0.000629
0.000410
0.000780
0.000301
0.000149
0.000165
0.000510
0.000177
0.000254
0.001308
0.002313
0.000258
0.001272
0.000151
0.000207
0.000745
0.000209
0.000201
0.001233
0.000141
0.000147
0.000296
0.000321
0.000368
0.000209
0.000151
0.000168
0.000167
0.000240
0.001265
0.000150
0.000162
0.000242
0.001638
0.000149
0.000173
0.000158
0.000242
0.000244
0.000245
0.000248
0.000265
0.000399
0.000162
0.000247
0.001640
0.001840
0.000247
0.000169
0.000166
0.000214
0.000215
0.000164
0.000251
0.000298
0.000148
0.000306
0.000301
0.000154
0.000135
0.000310
0.000208
0.000299
0.000305
0.000230
0.000715
0.000205
0.000207
0.000210
0.000577
0.001172
0.000199
0.000288
0.000610
0.000315
0.000336
0.000202
0.000348
0.000278
0.000291
0.000182
0.000208
0.000208
0.000154
0.000141
0.000166
0.000224
0.000692
0.000256
0.000328
0.000289
0.001359
0.000202
0.000206
0.000326
0.000864
0.000316
0.000205
0.001407
0.000163
0.000147
0.000678
0.000304
0.000169
0.000294
0.000638
0.000270
0.000176
0.000249
0.000263
0.000164
0.000235
0.000909
0.000330
0.000148
0.000288
0.000188
0.000327
0.000217
0.000137
0.000594
0.000321
0.000172
0.000165
0.000237
0.000714
0.000231
0.000203
0.000380
0.000167
0.000171
0.003481
0.000201
0.000325
0.000304
0.000319
0.000304
0.001152
0.000144
0.000316
0.000208
0.000287
0.000631
0.000289
0.001197
0.000312
0.000144
0.001168
0.000813
0.000153
0.000257
0.000303
0.000206
0.000204
0.000610
0.000327
0.000143
0.000298
0.002010
0.000308
0.000209
0.000196
0.000525
0.000143
0.000210
0.000281
0.000321
0.000524
0.000332
0.000614
0.000197
0.000309
0.000206
0.000308
0.000303
0.000419
