0.001582
0.000365
0.000272
0.000645
0.000196
0.000178
0.000967
0.000297
0.001788
0.000333
0.002883
0.002580
0.000338
0.000222
0.001864
0.001367
0.000763
0.000299
0.001019
0.000191
0.000253
0.000246
0.000337
0.000231
0.000329
0.001187
0.000800
0.000197
0.000249
0.000937
0.000237
0.000890
0.001082
0.000289
0.000626
0.000464
0.000762
0.000300
0.001051
0.000296
0.000995
0.000212
0.001022
0.000287
0.000291
0.000187
0.002496
0.001638
0.000769
0.000323
0.001069
0.000345
0.000259
0.000363
0.000891
0.000229
0.000315
0.000797
0.000363
0.000634
0.000367
0.000226
0.000564
0.000294
0.000524
0.000180
0.000600
0.000232
0.000219
0.000813
0.001336
0.000722
0.000209
0.001144
0.000385
0.000178
0.000268
0.000278
0.000227
0.000247
0.000366
0.000383
0.002351
0.000325
0.002889
0.000564
0.000197
0.000366
0.000571
0.000343
0.000336
0.000433
0.000321
0.000184
0.000240
0.000280
0.000177
0.000269
0.001314
0.001193
0.000173
0.000280
0.001441
0.001849
0.000287
0.000188
0.000329
0.000186
0.000271
0.000913
0.000285
0.000281
0.000271
0.000285
0.000276
0.000643
0.000292
0.000289
0.000193
0.000244
0.000864
0.000181
0.001362
0.001818
0.000235
0.000236
0.001085
0.000740
0.000893
0.002197
0.000187
0.000229
0.000653
0.000356
0.000240
0.000169
0.001350
0.000328
0.000300
0.001356
0.000291
0.000165
0.000193
0.000225
0.001168
0.000282
0.001349
0.000278
0.000480
0.000386
0.001682
0.000719
0.000580
0.000184
0.001262
0.000297
0.000262
0.000206
0.000271
0.000507
0.000198
0.000404
0.000529
0.000196
0.000624
0.000783
0.001283
0.000211
0.000727
0.000761
0.000238
0.000972
0.000177
0.000177
0.000273
0.000831
0.000157
0.000253
0.001126
0.000806
0.000380
0.000191
0.000234
0.000713
0.000173
0.001175
0.001123
0.000184
0.000182
0.000818
0.000675
0.000183
0.000264
0.000456
0.000253
0.001099
0.000296
0.000183
0.000190
0.000861
0.001282
0.000166
0.001031
0.000295
0.000282
0.000271
0.000282
0.001910
0.000503
0.000194
0.001231
0.000344
0.000186
0.002935
0.001794
0.000699
0.001386
0.000322
0.000239
0.000234
0.000357
0.000169
0.000188
0.000813
0.000235
0.000336
0.000649
0.000181
0.000225
0.000231
0.000278
0.000217
0.000194
0.000841
0.000345
0.000434
0.000362
0.002816
0.000177
0.000191
0.000376
0.002383
0.000360
0.000816
0.000392
0.000234
0.001296
0.000342
0.001412
0.000348
0.000670
0.000350
0.000335
0.000223
0.000362
0.000518
0.000496
0.000215
0.003241
0.000249
0.000333
0.003395
0.000258
0.000337
0.000681
0.002798
0.000363
0.000751
0.000233
0.000361
0.001256
0.000236
0.000365
0.002131
0.000797
0.000355
0.000358
0.001042
0.000237
0.000277
0.000811
0.000548
0.000204
0.000337
0.001193
0.000355
0.001066
0.001056
0.000388
0.001646
0.000567
0.000797
0.000334
0.000356
0.000373
0.000445
0.000201
0.001612
0.001302
0.003339
0.000336
0.000240
0.001986
0.000247
0.000314
0.002515
0.000214
0.000284
0.000294
0.000827
0.000312
0.001795
0.000766
0.000479
0.000193
0.001211
0.000697
0.000824
0.000333
0.000238
0.000514
0.001645
0.000811
0.000163
0.000259
0.000384
0.000286
0.000246
0.000753
0.000159
0.001193
0.001810
0.000264
0.000614
0.000582
0.000297
0.000183
0.000258
0.000272
0.000270
0.000183
0.000312
0.000282
0.000263
0.001239
0.000279
0.000168
0.000223
0.001605
0.000528
0.000165
0.000337
0.000361
0.000331
0.000275
0.000250
0.000535
0.000289
0.000630
0.000283
0.000271
0.000342
0.000691
0.000233
0.000235
0.000357
0.002763
0.000235
0.001124
0.000732
0.000782
0.000280
0.000273
0.001260
0.000353
0.000339
0.000315
0.000351
0.000297
0.000345
0.001407
0.000773
0.000343
0.000647
0.000296
0.000188
0.000287
0.001341
0.001265
0.000277
0.000184
0.001430
0.001289
0.000624
0.000349
0.000381
0.000277
0.000355
0.000500
0.000766
0.000341
0.000362
0.003883
0.000247
0.000317
0.000341
0.000232
0.000255
0.000409
0.001501
0.001564
0.000346
0.000516
0.000334
0.000355
0.000328
0.001757
0.000175
0.000231
0.001187
0.000364
0.000189
0.002379
0.000412
0.000231
0.000981
0.001028
0.000682
0.000254
0.001226
0.001766
0.000352
0.001062
0.000349
0.000250
0.000287
0.000288
0.000192
0.000279
0.000384
0.000924
0.000251
0.000242
0.001056
0.000167
0.001239
0.000291
0.000277
0.000281
0.001726
0.001881
0.000342
0.000694
0.000236
0.001662
0.001844
0.000360
0.000219
0.001260
0.000328
0.000742
0.000265
0.000838
0.000185
0.000275
0.000163
0.001353
0.000353
0.000355
0.000375
0.003821
0.000649
0.000210
0.000360
0.000295
0.000232
0.000327
0.000884
0.000336
0.000235
0.000353
0.001381
0.000191
0.002711
0.000346
0.000221
0.000234
0.000287
0.000232
0.000328
0.000479
0.000331
0.000714
0.000385
0.000210
0.000977
0.000361
0.002821
0.000317
0.002161
