0.000256
0.001070
0.000338
0.000336
0.000397
0.000496
0.000585
0.000882
0.001450
0.000573
0.000249
0.000868
0.000854
0.000938
0.000880
0.000708
0.000287
0.000253
0.000886
0.000806
0.000259
0.000242
0.000801
0.000518
0.000842
0.000349
0.000397
0.000261
0.000254
0.000905
0.001265
0.001463
0.000582
0.000598
0.002839
0.000899
0.000576
0.000890
0.000265
0.000253
0.000538
0.000679
0.000915
0.000891
0.001064
0.001300
0.000271
0.000423
0.000557
0.000291
0.000577
0.000883
0.002989
0.000596
0.000589
0.003598
0.000266
0.000890
0.000855
0.000453
0.000247
0.000578
0.000570
0.000509
0.000896
0.001376
0.000895
0.000266
0.000894
0.000949
0.000898
0.000580
0.001662
0.000251
0.000589
0.002902
0.000244
0.000914
0.000753
0.001865
0.000260
0.000865
0.000862
0.000577
0.000903
0.000554
0.000258
0.000567
0.000960
0.000893
0.000590
0.000866
0.001116
0.000771
0.000902
0.000937
0.001206
0.000905
0.000581
0.001360
0.000267
0.000277
0.000895
0.000897
0.000594
0.000789
0.000635
0.000855
0.000560
0.000751
0.000346
0.000598
0.000244
0.000520
0.000290
0.000529
0.000236
0.000519
0.002194
0.000602
0.000579
0.000838
0.000864
0.000236
0.000586
0.000778
0.000888
0.000579
0.000495
0.000584
0.000899
0.002440
0.000237
0.000884
0.000571
0.000257
0.000593
0.000919
0.000664
0.000585
0.001506
0.000891
0.000959
0.000899
0.000898
0.000528
0.000897
0.000601
0.000569
0.000583
0.000909
0.000904
0.000876
0.000521
0.000849
0.001903
0.000240
0.000537
0.002427
0.000276
0.000348
0.000343
0.000462
0.000695
0.000242
0.000572
0.000375
0.000341
0.000265
0.000394
0.000480
0.000532
0.000347
0.000504
0.000876
0.000345
0.000515
0.000550
0.000541
0.000762
0.000344
0.000935
0.000327
0.000293
0.000417
0.000886
0.000942
0.000917
0.001349
0.001050
0.000583
0.000575
0.000843
0.000857
0.000856
0.000908
0.000848
0.000337
0.000356
0.000270
0.000457
0.000501
0.000255
0.000513
0.000510
0.000513
0.000344
0.001348
0.000267
0.000238
0.000593
0.001028
0.000891
0.000309
0.000246
0.000786
0.000295
0.000580
0.000792
0.000850
0.000900
0.000576
0.000680
0.002963
0.000278
0.000902
0.001425
0.000848
0.000274
0.000784
0.000259
0.000894
0.000884
0.000876
0.000577
0.000581
0.000551
0.000344
0.000581
0.002286
0.000594
0.000247
0.000576
0.001423
0.000541
0.000912
0.000907
0.000573
0.000878
0.001175
0.000922
0.000258
0.000824
0.000257
0.000580
0.002983
0.000340
0.000265
0.000611
0.000238
0.000825
0.000904
0.000964
0.000584
0.000555
0.000903
0.000349
0.000531
0.000535
0.000267
0.000734
0.002609
0.000904
0.000606
0.000850
0.001288
0.000255
0.000581
0.001593
0.000687
0.000791
0.000581
0.001431
0.000889
0.000847
0.000576
0.000590
0.000576
0.000579
0.001015
0.000318
0.000247
0.001150
0.000932
0.000241
0.000636
0.000833
0.000250
0.000633
0.000905
0.000862
0.000407
0.000245
0.000882
0.001574
0.000896
0.000245
0.000849
0.000536
0.000509
0.000629
0.000795
0.000607
0.000881
0.000920
0.001692
0.000464
0.000854
0.000277
0.000581
0.001614
0.001504
0.000572
0.000566
0.002144
0.000542
0.000425
0.001575
0.000578
0.000245
0.000272
0.000824
0.000582
0.000758
0.000877
0.000752
0.000335
0.000359
0.001059
0.000516
0.000335
0.000339
0.000495
0.000962
0.000265
0.000547
0.001221
0.000519
0.000337
0.000504
0.001584
0.000342
0.000517
0.000573
0.000519
0.000501
0.000351
0.000336
0.000582
0.000519
0.000272
0.000338
0.000532
0.000514
0.000395
0.000538
0.000349
0.002579
0.000529
0.000373
0.001030
0.000919
0.000263
0.000240
0.002360
0.000891
0.000542
0.000513
0.000334
0.000520
0.000276
0.000874
0.000905
0.001078
0.000251
0.000558
0.000268
0.000589
0.000604
0.000575
0.000703
0.000565
0.000607
0.001223
0.000918
0.000902
0.001232
0.000889
0.000907
0.000514
0.000682
0.000868
0.000587
0.000898
0.000634
0.002882
0.000632
0.000566
0.000876
0.000286
0.000255
0.002041
0.000278
0.000572
0.000905
0.000544
0.000777
0.000334
0.000520
0.001270
0.000263
0.000807
0.000539
0.002894
0.000520
0.000232
0.000492
0.001391
0.000248
0.000790
0.000976
0.000863
0.000894
0.000961
0.000494
0.000509
0.000794
0.001342
0.000271
0.000259
0.000540
0.000339
0.000448
0.000339
0.001352
0.000253
0.000293
0.000538
0.000232
0.000259
0.000281
0.000872
0.000777
0.000388
0.000622
0.000847
0.000593
0.000610
0.000322
0.000779
0.000521
0.000537
0.000576
0.000243
0.000403
0.000609
0.000529
0.000572
0.000529
0.003934
0.000904
0.000599
0.000608
0.000597
0.000580
0.000260
0.001393
0.001902
0.000277
0.000897
0.001870
0.000433
0.000889
0.001551
0.000239
0.000879
0.000639
0.000454
0.000574
0.000891
0.000982
0.000255
0.000634
0.000698
0.001123
0.000571
0.000878
0.001621
0.000601
0.000731
