0.000742
0.000360
0.000345
0.000559
0.000389
0.000543
0.001402
0.000547
0.000375
0.000996
0.000519
0.000365
0.000669
0.000871
0.000939
0.000587
0.002903
0.000975
0.000934
0.000881
0.000818
0.000945
0.000300
0.000869
0.000890
0.000285
0.001600
0.000727
0.000625
0.001614
0.002323
0.000574
0.000895
0.000703
0.000260
0.000599
0.000868
0.000833
0.003648
0.000759
0.000295
0.000879
0.000277
0.000941
0.000636
0.000377
0.000930
0.000880
0.000906
0.000282
0.000850
0.000551
0.000375
0.000456
0.000382
0.000361
0.000833
0.000492
0.000286
0.000921
0.000639
0.002033
0.000468
0.001650
0.000545
0.000289
0.000525
0.000676
0.000500
0.000290
0.001757
0.000549
0.000356
0.000399
0.000570
0.001302
0.000376
0.000369
0.000995
0.000551
0.000298
0.002800
0.000302
0.000285
0.000554
0.000608
0.000563
0.000573
0.000560
0.001421
0.000562
0.000360
0.000544
0.000564
0.000554
0.000544
0.001452
0.000279
0.001408
0.000547
0.000517
0.000369
0.000514
0.001051
0.000697
0.000388
0.000448
0.000558
0.000279
0.000765
0.001386
0.000276
0.000298
0.000766
0.000895
0.000582
0.000427
0.000915
0.000963
0.002008
0.000880
0.000334
0.000875
0.000923
0.000914
0.000916
0.001136
0.000281
0.000592
0.000932
0.000978
0.000395
0.000358
0.000546
0.000326
0.000281
0.000992
0.000517
0.000714
0.001687
0.000870
0.002676
0.000892
0.003155
0.000277
0.000724
0.000922
0.001158
0.000971
0.000906
0.001416
0.000590
0.000615
0.000465
0.001170
0.000591
0.000592
0.000906
0.000975
0.000441
0.001625
0.000768
0.000724
0.000539
0.000369
0.000591
0.000936
0.000357
0.000542
0.000570
0.000287
0.000553
0.000902
0.000604
0.000601
0.000850
0.000807
0.000621
0.000299
0.000626
0.000695
0.000594
0.000857
0.000593
0.000589
0.000642
0.000925
0.001974
0.000348
0.001056
0.000891
0.000504
0.000911
0.001110
0.000547
0.000588
0.000608
0.000920
0.000351
0.000863
0.000580
0.000589
0.001600
0.000946
0.001677
0.000554
0.001406
0.000492
0.000724
0.000556
0.000324
0.000365
0.000552
0.000879
0.000886
0.000499
0.000927
0.000656
0.000602
0.000430
0.000922
0.000573
0.002465
0.000360
0.000557
0.001450
0.000379
0.000568
0.000561
0.002052
0.000379
0.000556
0.000561
0.000516
0.000636
0.000367
0.001405
0.001987
0.003897
0.000592
0.000633
0.000807
0.000888
0.000494
0.000919
0.000302
0.000978
0.001396
0.000935
0.000762
0.000547
0.000902
0.000608
0.000832
0.000897
0.000898
0.000786
0.000948
0.001920
0.000279
0.000587
0.001170
0.000581
0.000612
0.000618
0.000940
0.000840
0.000583
0.000880
0.001651
0.000731
0.000920
0.000456
0.000606
0.002379
0.000714
0.000304
0.000912
0.000568
0.000295
0.000552
0.000896
0.000571
0.000902
0.000921
0.000929
0.000493
0.000936
0.000929
0.000580
0.000905
0.000918
0.001310
0.000651
0.000957
0.000845
0.001546
0.000903
0.000306
0.000631
0.001239
0.000376
0.000303
0.000524
0.000558
0.000374
0.000376
0.001524
0.001238
0.000263
0.000435
0.000906
0.000563
0.000301
0.000562
0.000563
0.000566
0.000371
0.000570
0.000847
0.000551
0.000364
0.000382
0.000763
0.000560
0.000400
0.000565
0.002699
0.000387
0.000376
0.001093
0.003868
0.000612
0.001275
0.000863
0.000273
0.000931
0.002752
0.001119
0.000635
0.000372
0.000282
0.000828
0.000974
0.000603
0.000304
0.000616
0.000622
0.000824
0.000279
0.000573
0.001062
0.000577
0.000371
0.000283
0.000573
0.000567
0.000724
0.000276
0.001038
0.000562
0.000590
0.000723
0.000666
0.000586
0.000885
0.000476
0.000941
0.000729
0.000738
0.002549
0.000832
0.000927
0.000641
0.000722
0.000289
0.000868
0.000314
0.000296
0.000886
0.002858
0.002088
0.000839
0.002557
0.000754
0.000590
0.000568
0.001972
0.000793
0.000584
0.001417
0.000324
0.000918
0.000599
0.003334
0.001826
0.000781
0.000913
0.000598
0.000328
0.000258
0.000909
0.000892
0.000915
0.000911
0.001342
0.000933
0.000578
0.000748
0.002192
0.000294
0.000718
0.001097
0.000415
0.000853
0.000706
0.001043
0.000383
0.001546
0.000530
0.000560
0.000299
0.000388
0.000601
0.000297
0.000498
0.000554
0.001195
0.000459
0.000394
0.000560
0.000379
0.000945
0.000561
0.001124
0.000373
0.000319
0.000848
0.001907
0.000273
0.000373
0.002451
0.000411
0.000550
0.000779
0.000280
0.000566
0.000268
0.000370
0.000569
0.000559
0.000564
0.000285
0.001535
0.001608
0.000355
0.000552
0.000541
0.000588
0.000558
0.000553
0.000950
0.000604
0.001096
0.000870
0.000526
0.001803
0.001946
0.000356
0.000596
0.000934
0.000607
0.000903
0.000879
0.002072
0.000597
0.000888
0.001135
0.002100
0.000912
0.000319
0.000933
0.000701
0.000917
0.000883
0.000304
0.000601
0.000292
0.003512
0.000285
0.000937
0.002573
0.000635
0.000951
0.000594
0.000797
0.000733
0.000916
0.000895
0.000598
