0.000768
0.000619
0.000317
0.001042
0.001402
0.000578
0.001657
0.001026
0.000645
0.000556
0.000844
0.000578
0.000449
0.000469
0.001432
0.000310
0.000399
0.000915
0.000623
0.000382
0.001013
0.001594
0.000654
0.000669
0.001020
0.000733
0.000315
0.000624
0.001533
0.000917
0.000381
0.000556
0.000619
0.000406
0.000416
0.000929
0.000328
0.000412
0.000640
0.000898
0.000301
0.000840
0.001096
0.000942
0.000655
0.001077
0.000579
0.001096
0.000447
0.001116
0.000464
0.000314
0.000683
0.000920
0.000691
0.000435
0.000499
0.000660
0.000319
0.000544
0.000557
0.000413
0.001935
0.001691
0.000576
0.000568
0.000328
0.000604
0.000619
0.000563
0.001535
0.000651
0.000659
0.000891
0.001106
0.000541
0.000583
0.002986
0.000364
0.001675
0.003008
0.000412
0.003156
0.000568
0.000665
0.000403
0.000965
0.000582
0.000804
0.000640
0.000765
0.000393
0.000308
0.001626
0.001739
0.000664
0.000391
0.000676
0.000563
0.001763
0.000654
0.000681
0.000402
0.000383
0.000592
0.000441
0.000589
0.003092
0.000826
0.000599
0.000411
0.001478
0.000426
0.000656
0.000387
0.000688
0.000400
0.000405
0.002766
0.000507
0.000845
0.000299
0.000529
0.000702
0.000306
0.000444
0.000425
0.000971
0.000449
0.000664
0.000600
0.001786
0.000485
0.002606
0.001204
0.000552
0.000615
0.000965
0.000401
0.000370
0.000496
0.001091
0.000598
0.000480
0.000616
0.001032
0.000299
0.000955
0.000664
0.000316
0.000609
0.000504
0.000560
0.000433
0.000542
0.001166
0.000500
0.000618
0.000916
0.000986
0.000640
0.000897
0.000293
0.000295
0.001071
0.001081
0.000974
0.001193
0.000379
0.000691
0.000452
0.001739
0.003270
0.000502
0.000558
0.000922
0.000576
0.000559
0.001244
0.000410
0.000616
0.000578
0.001838
0.000465
0.001017
0.000947
0.000300
0.000972
0.000856
0.000564
0.000912
0.000431
0.000601
0.000660
0.000613
0.000500
0.000680
0.000809
0.000455
0.001053
0.000655
0.000433
0.000444
0.000549
0.000674
0.000454
0.000647
0.001186
0.000763
0.000299
0.000794
0.000886
0.000988
0.000591
0.001283
0.000537
0.000616
0.002657
0.000687
0.000605
0.001704
0.000534
0.000611
0.000859
0.000412
0.000899
0.000307
0.000913
0.003352
0.000906
0.000479
0.000288
0.003753
0.001612
0.000292
0.002717
0.003443
0.000291
0.002045
0.000700
0.000596
0.000612
0.001092
0.000996
0.000591
0.001545
0.000509
0.000605
0.000685
0.000626
0.000585
0.000611
0.000963
0.000656
0.000409
0.000762
0.000671
0.000960
0.000659
0.000679
0.000298
0.001108
0.001351
0.000685
0.001305
0.000575
0.000612
0.000418
0.000865
0.000308
0.000611
0.000430
0.000902
0.000903
0.000622
0.000402
0.001309
0.000704
0.000628
0.000582
0.000992
0.000407
0.000401
0.000554
0.000963
0.000312
0.000859
0.000620
0.000406
0.000423
0.001669
0.000384
0.000408
0.000764
0.001757
0.000331
0.000397
0.001485
0.000279
0.002879
0.002249
0.001040
0.001307
0.000564
0.000293
0.000318
0.000698
0.000669
0.000644
0.000451
0.000664
0.000400
0.000443
0.000500
0.002298
0.000314
0.000619
0.000835
0.003124
0.000385
0.002131
0.001072
0.000610
0.001656
0.000993
0.000489
0.000311
0.000692
0.000541
0.001507
0.000429
0.000629
0.000809
0.000972
0.000692
0.000682
0.001240
0.000646
0.000446
0.000687
0.001016
0.000432
0.000608
0.000539
0.000508
0.000394
0.003142
0.000667
0.000635
0.000389
0.000386
0.000612
0.000329
0.000451
0.000682
0.002560
0.000433
0.000678
0.000616
0.000502
0.000318
0.000312
0.000556
0.000428
0.000424
0.001674
0.000521
0.000306
0.000653
0.000638
0.001431
0.000666
0.000330
0.001707
0.000607
0.000308
0.000312
0.000579
0.000940
0.000653
0.000661
0.000614
0.000546
0.000595
0.000453
0.000610
0.000821
0.000890
0.000627
0.000663
0.000442
0.000428
0.000640
0.001082
0.000494
0.000322
0.000694
0.000547
0.000444
0.000430
0.000838
0.000553
0.000401
0.001526
0.001688
0.000893
0.000551
0.001246
0.000471
0.000673
0.000669
0.000566
0.000604
0.000405
0.000594
0.001560
0.001309
0.000613
0.000628
0.000863
0.000798
0.000320
0.000676
0.000714
0.000949
0.003210
0.001266
0.000796
0.000297
0.000870
0.001001
0.000494
0.000773
0.001585
0.001854
0.000414
0.000678
0.000623
0.000830
0.000326
0.000407
0.000826
0.000352
0.000405
0.000580
0.000756
0.000866
0.000284
0.000829
0.002156
0.000299
0.000329
0.000545
0.001102
0.000593
0.000309
0.000646
0.000810
0.000561
0.000393
0.000437
0.000620
0.000570
0.000403
0.000924
0.000976
0.000479
0.000942
0.001624
0.001017
0.000400
0.000907
0.001284
0.000307
0.000333
0.000694
0.000681
0.001062
0.001136
0.000501
0.001106
0.001621
0.000632
0.000664
0.000401
0.000619
0.000574
0.000655
0.000821
0.000638
0.000759
0.000434
0.000637
0.000680
0.000296
0.000889
0.001576
0.000678
0.000531
0.000550
