0.000373
0.000404
0.000626
0.000596
0.000413
0.000576
0.000619
0.001395
0.000665
0.000616
0.001496
0.000614
0.000399
0.000759
0.000407
0.002730
0.000595
0.000568
0.000329
0.000965
0.001489
0.001932
0.000615
0.000977
0.000891
0.000655
0.000492
0.000932
0.000580
0.000607
0.000836
0.001342
0.000789
0.000568
0.001229
0.000609
0.000628
0.000876
0.000670
0.000636
0.002533
0.000878
0.001009
0.000799
0.001075
0.000944
0.000308
0.000888
0.003310
0.000941
0.000991
0.000790
0.000767
0.000548
0.001102
0.000613
0.000814
0.000638
0.000917
0.000741
0.000939
0.000412
0.000597
0.001736
0.000615
0.000361
0.000500
0.000655
0.000319
0.000536
0.000637
0.000625
0.000871
0.000590
0.000646
0.000786
0.000917
0.003110
0.000617
0.001927
0.001538
0.001655
0.000620
0.000926
0.001434
0.000628
0.000624
0.000700
0.000911
0.000942
0.000952
0.001130
0.000302
0.001047
0.000908
0.000947
0.000626
0.000945
0.000620
0.000610
0.003171
0.000921
0.002060
0.000974
0.000969
0.001690
0.000310
0.000455
0.000613
0.000910
0.000952
0.001760
0.000941
0.000639
0.000600
0.000524
0.000976
0.001987
0.000946
0.000992
0.000962
0.001589
0.001007
0.000782
0.000746
0.000609
0.002208
0.000347
0.000602
0.001094
0.000398
0.000620
0.000608
0.000613
0.001618
0.002069
0.000565
0.000408
0.000616
0.000635
0.000612
0.002408
0.000866
0.000614
0.001379
0.001066
0.000808
0.000621
0.002679
0.000607
0.000464
0.000636
0.000720
0.001516
0.001734
0.001470
0.000926
0.001076
0.000642
0.001118
0.000922
0.003803
0.000895
0.000987
0.000480
0.000936
0.000304
0.000925
0.000657
0.000757
0.000969
0.000992
0.000640
0.000528
0.001279
0.000814
0.000405
0.000657
0.001740
0.000926
0.000379
0.000510
0.000541
0.000422
0.000608
0.000503
0.000399
0.000541
0.000992
0.001015
0.000821
0.001020
0.001690
0.000524
0.002619
0.001417
0.000960
0.000616
0.001681
0.001169
0.000435
0.000403
0.000930
0.000864
0.000349
0.000940
0.000824
0.000641
0.000952
0.000591
0.000981
0.000953
0.001639
0.000840
0.002131
0.000514
0.000917
0.000626
0.000613
0.000963
0.001674
0.000507
0.000614
0.000920
0.000490
0.000959
0.002090
0.000806
0.000315
0.000639
0.001339
0.000973
0.000796
0.000926
0.000766
0.000937
0.001608
0.001151
0.000328
0.000970
0.001753
0.000670
0.000671
0.001679
0.001190
0.000665
0.000495
0.001545
0.001540
0.001903
0.001898
0.001512
0.000679
0.000627
0.000985
0.000623
0.000628
0.000401
0.001062
0.000614
0.000307
0.000910
0.000958
0.000931
0.000948
0.001613
0.000788
0.000939
0.000558
0.001505
0.001603
0.000324
0.000624
0.000659
0.000623
0.000547
0.000555
0.002032
0.000866
0.001422
0.000924
0.000990
0.000610
0.000627
0.001180
0.001024
0.000614
0.000936
0.000500
0.000315
0.000486
0.002633
0.001483
0.002050
0.000972
0.000628
0.000619
0.000368
0.001409
0.000291
0.000359
0.002178
0.000639
0.000616
0.000586
0.000937
0.000530
0.000856
0.000839
0.000388
0.000892
0.000940
0.000768
0.000321
0.000840
0.002459
0.000478
0.001946
0.001907
0.001129
0.001111
0.000399
0.003243
0.000906
0.000992
0.000360
0.001936
0.001145
0.000959
0.000491
0.001077
0.000928
0.000952
0.003533
0.000622
0.000342
0.000868
0.000971
0.000493
0.000619
0.001435
0.000612
0.000349
0.000405
0.000621
0.001649
0.000637
0.000927
0.001570
0.002420
0.000951
0.000903
0.001543
0.000822
0.001244
0.000980
0.000978
0.002858
0.000617
0.001016
0.000622
0.002093
0.001438
0.000911
0.001629
0.001695
0.000614
0.000718
0.001087
0.000886
0.000313
0.000845
0.001001
0.000910
0.000313
0.001132
0.001672
0.002147
0.000568
0.000606
0.000885
0.001599
0.000400
0.000405
0.000584
0.000507
0.000306
0.002411
0.000938
0.001218
0.001212
0.000475
0.001038
0.000609
0.000650
0.000499
0.001295
0.000654
0.000295
0.000953
0.001266
0.000866
0.000594
0.001055
0.001000
0.000626
0.000426
0.000814
0.000616
0.000592
0.000601
0.000682
0.001525
0.000836
0.000703
0.001591
0.000902
0.000468
0.000905
0.001472
0.000944
0.000740
0.001640
0.000891
0.000804
0.000985
0.002866
0.001843
0.001020
0.000902
0.000807
0.001041
0.000797
0.001007
0.001007
0.000669
0.000520
0.000927
0.001394
0.000902
0.000635
0.001338
0.001947
0.000932
0.000828
0.003671
0.000632
0.000618
0.001699
0.000961
0.000938
0.001005
0.001570
0.000395
0.001810
0.002160
0.000951
0.000446
0.000917
0.001495
0.000650
0.000607
0.000421
0.001009
0.000761
0.000682
0.001190
0.000530
0.001972
0.000873
0.000801
0.001083
0.000627
0.000618
0.001372
0.000793
0.000663
0.000967
0.001298
0.001006
0.000808
0.000605
0.000957
0.000965
0.001152
0.000544
0.000561
0.001024
0.003839
0.000510
0.000626
0.001006
0.000605
0.000779
0.000930
0.001946
0.000328
0.001800
0.002678
0.000644
