0.001614
0.000320
0.002547
0.000821
0.000506
0.000638
0.000542
0.000502
0.000354
0.000879
0.000683
0.000286
0.000354
0.000676
0.001258
0.000482
0.000287
0.000808
0.001359
0.000362
0.000781
0.000574
0.000369
0.000400
0.000582
0.000607
0.000377
0.000989
0.000269
0.000269
0.000604
0.000557
0.000387
0.000537
0.002554
0.000692
0.000476
0.001535
0.002943
0.000359
0.003084
0.002048
0.000282
0.000557
0.000843
0.000524
0.000370
0.001826
0.000551
0.000370
0.000286
0.000990
0.001340
0.000307
0.000291
0.000605
0.001133
0.000895
0.000599
0.002150
0.000741
0.000286
0.000372
0.000441
0.000384
0.000403
0.000604
0.000618
0.000326
0.000560
0.000617
0.001401
0.000535
0.000614
0.000675
0.000389
0.000539
0.000521
0.000378
0.000393
0.002056
0.000635
0.000383
0.000368
0.000897
0.000280
0.000378
0.000803
0.000734
0.000263
0.000562
0.001559
0.000501
0.000556
0.001981
0.000396
0.000484
0.000680
0.001310
0.000589
0.000292
0.000528
0.001424
0.000493
0.000270
0.000464
0.000293
0.000610
0.000811
0.001429
0.000897
0.000881
0.000695
0.000375
0.000866
0.000577
0.000439
0.000293
0.000614
0.000598
0.000604
0.000520
0.001060
0.003264
0.000351
0.000359
0.003215
0.000585
0.001218
0.000288
0.001573
0.000528
0.000288
0.000872
0.001883
0.000596
0.000505
0.000940
0.000608
0.000988
0.000578
0.001274
0.000378
0.000583
0.000382
0.001526
0.000348
0.000532
0.001109
0.000790
0.000525
0.000440
0.000285
0.000364
0.000532
0.000263
0.000542
0.000580
0.000920
0.003435
0.000475
0.000376
0.000609
0.000669
0.000374
0.000992
0.001095
0.001339
0.000896
0.000764
0.000597
0.000607
0.000401
0.000389
0.000401
0.001024
0.000399
0.000983
0.000374
0.000593
0.000384
0.002689
0.000373
0.000429
0.000685
0.000925
0.000606
0.000500
0.001669
0.000888
0.000593
0.000594
0.000448
0.000572
0.000451
0.000581
0.000310
0.000386
0.000282
0.000547
0.000344
0.000372
0.000443
0.000557
0.000362
0.001514
0.000348
0.000488
0.000414
0.000508
0.000542
0.000696
0.000859
0.000295
0.000299
0.002066
0.000509
0.000254
0.002600
0.000525
0.000360
0.000979
0.001597
0.000283
0.000827
0.000344
0.000639
0.000811
0.000623
0.000886
0.000625
0.000433
0.000875
0.000615
0.000574
0.001884
0.000873
0.000557
0.000556
0.000894
0.000276
0.000305
0.000881
0.000539
0.000354
0.000359
0.001514
0.000276
0.000283
0.000683
0.000429
0.000566
0.000573
0.001109
0.000396
0.000836
0.000802
0.001135
0.000293
0.000662
0.002173
0.000889
0.000661
0.000595
0.001392
0.000435
0.000467
0.000967
0.000513
0.000284
0.000827
0.001278
0.000812
0.000361
0.000382
0.000574
0.000408
0.000302
0.001638
0.000437
0.000548
0.001094
0.000481
0.000519
0.001364
0.000935
0.000382
0.000326
0.000652
0.000787
0.000659
0.000391
0.000358
0.000333
0.000286
0.000537
0.000719
0.000352
0.000544
0.003176
0.000948
0.000461
0.000531
0.001124
0.001009
0.000361
0.001389
0.001952
0.000523
0.002639
0.001354
0.000287
0.000568
0.000781
0.000600
0.000353
0.002609
0.000423
0.000599
0.000551
0.001260
0.000378
0.000386
0.000440
0.001092
0.000877
0.000278
0.000469
0.000410
0.000678
0.000295
0.000303
0.001062
0.000561
0.000372
0.000389
0.001331
0.001442
0.000382
0.000648
0.000282
0.000294
0.000518
0.001051
0.000344
0.000379
0.000860
0.000282
0.000550
0.000354
0.001026
0.000865
0.000347
0.001416
0.000543
0.000312
0.000546
0.000272
0.000288
0.000345
0.003553
0.000282
0.000359
0.003070
0.000857
0.000350
0.000582
0.000852
0.000348
0.000533
0.000284
0.000897
0.002925
0.000345
0.001117
0.000550
0.000535
0.000866
0.003227
0.000297
0.000527
0.000757
0.000296
0.000635
0.000944
0.000302
0.000441
0.000311
0.001010
0.001380
0.000575
0.000522
0.001117
0.001577
0.000279
0.000422
0.001583
0.000293
0.000351
0.001535
0.000838
0.000379
0.000558
0.000558
0.000278
0.000477
0.000512
0.000579
0.000395
0.000858
0.000616
0.000591
0.000285
0.000630
0.000389
0.000283
0.000556
0.000552
0.000387
0.000899
0.000598
0.000376
0.000566
0.001683
0.000788
0.000573
0.001501
0.000578
0.000289
0.000463
0.000444
0.001906
0.000595
0.000503
0.000963
0.000420
0.000838
0.001181
0.000865
0.000355
0.000418
0.000539
0.000559
0.000336
0.000546
0.000523
0.000581
0.000283
0.000269
0.000286
0.000539
0.000796
0.000291
0.000275
0.000293
0.000852
0.000352
0.000280
0.000432
0.000358
0.000348
0.000854
0.000528
0.000397
0.000276
0.001136
0.000278
0.000538
0.000777
0.000622
0.000342
0.000435
0.001600
0.000481
0.000880
0.000412
0.000604
0.000446
0.000391
0.000284
0.000267
0.000349
0.000856
0.000281
0.000281
0.000526
0.000440
0.000371
0.002178
0.000599
0.000422
0.000523
0.000540
0.000344
0.000291
0.000433
0.000273
0.002209
0.001038
0.000350
