0.003603
0.003074
0.003542
0.003517
0.003564
0.003712
0.003371
0.003572
0.002868
0.003684
0.003664
0.003273
0.002958
0.002804
0.003390
0.003432
0.002646
0.003120
0.002993
0.002809
0.003256
0.002588
0.002622
0.003638
0.002961
0.002717
0.003256
0.003655
0.002959
0.002710
0.003198
0.002874
0.003597
0.003582
0.002714
0.002821
0.002701
0.003246
0.002624
0.003389
0.003543
0.003572
0.003726
0.003318
0.003326
0.002604
0.003602
0.003497
0.003537
0.002753
0.002604
0.003021
0.003645
0.003546
0.002488
0.003150
0.003626
0.003271
0.002977
0.003673
0.003125
0.002836
0.003503
0.003739
0.003558
0.002865
0.002595
0.002852
0.003651
0.002624
0.003242
0.003175
0.002669
0.003406
0.003541
0.003609
0.003223
0.003004
0.002966
0.002582
0.003100
0.002766
0.002751
0.003565
0.002998
0.003595
0.002967
0.003864
0.003526
0.002958
0.002709
0.003092
0.002613
0.003232
0.003591
0.003494
0.003526
0.003126
0.003562
0.003466
0.003204
0.002988
0.002836
0.003613
0.003634
0.003650
0.003711
0.002907
0.002556
0.003693
0.003181
0.002900
0.003137
0.003222
0.003001
0.003455
0.003007
0.003577
0.002568
0.003374
0.003047
0.002586
0.003625
0.003711
0.003024
0.002896
0.003251
0.003099
0.003579
0.003491
0.003232
0.003511
0.003358
0.003132
0.003399
0.003283
0.003246
0.002659
0.003552
0.003052
0.002956
0.002931
0.002637
0.003534
0.003583
0.003519
0.003549
0.002884
0.003643
0.003546
0.003516
0.003577
0.003086
0.003157
0.003194
0.003175
0.002934
0.003599
0.003398
0.002636
0.003942
0.002986
0.002752
0.002703
0.003276
0.003302
0.002835
0.002937
0.003024
0.002623
0.003156
0.002918
0.002610
0.003549
0.003434
0.003025
0.002654
0.003327
0.002579
0.003094
0.003428
0.002603
0.003097
0.003597
0.003446
0.003375
0.003153
0.002630
0.003682
0.003331
0.003526
0.003642
0.002579
0.002894
0.002969
0.002766
0.003387
0.003176
0.003024
0.002843
0.003540
0.002629
0.003333
0.002557
0.002666
0.003520
0.003686
0.004536
0.003389
0.002994
0.003008
0.003286
0.003275
0.002557
0.003354
0.002589
0.003578
0.002616
0.003373
0.003528
0.003531
0.003681
0.003671
0.003571
0.002300
0.003583
0.003374
0.003312
0.003655
0.004207
0.003086
0.003248
0.003692
0.003568
0.002602
0.003314
0.003294
0.002681
0.003311
0.002587
0.003346
0.003615
0.003559
0.002555
0.002762
0.003583
0.003399
0.003707
0.002599
0.003300
0.003393
0.003282
0.002795
0.003105
0.003277
0.003542
0.003740
0.003379
0.003184
0.002630
0.003248
0.003183
0.002859
0.003041
0.003520
0.003148
0.002862
0.002726
0.002826
0.003454
0.003032
0.003695
0.004677
0.003307
0.002741
0.002575
0.002585
0.002922
0.003681
0.002560
0.003362
0.002672
0.002797
0.003486
0.002643
0.003461
0.003467
0.003525
0.003456
0.003668
0.003245
0.003182
0.003041
0.002923
0.003723
0.003183
0.002670
0.002613
0.003547
0.002546
0.003248
0.003034
0.002728
0.003380
0.002843
0.003114
0.003084
0.003666
0.003724
0.003496
0.003581
0.003482
0.003162
0.002910
0.002662
0.003067
0.002972
0.002831
0.003242
0.002721
0.002606
0.003393
0.003260
0.003230
0.003582
0.003154
0.003017
0.002941
0.003147
0.003636
0.003062
0.003013
0.003061
0.002732
0.002584
0.002675
0.003593
0.003080
0.003139
0.002378
0.002302
0.002763
0.003101
0.002936
0.002888
0.003449
0.003620
0.002975
0.002696
0.003534
0.003451
0.003794
0.002951
0.003511
0.003592
0.003284
0.002681
0.003644
0.003215
0.003306
0.002695
0.002634
0.003199
0.002987
0.002947
0.003238
0.003486
0.003430
0.003298
0.003444
0.003643
0.003876
0.003306
0.002924
0.002692
0.003292
0.002740
0.003351
0.002651
0.002884
0.003255
0.003620
0.003738
0.002689
0.003778
0.003003
0.003406
0.003584
0.003363
0.003505
0.003025
0.002623
0.003682
0.003242
0.003526
0.002919
0.002997
0.002767
0.002621
0.003339
0.002734
0.003265
0.003592
0.003057
0.003275
0.003584
0.003571
0.003005
0.002675
0.003756
0.003011
0.003301
0.003075
0.002738
0.003232
0.002641
0.003528
0.003549
0.003490
0.003104
0.002826
0.003281
0.003312
0.003502
0.003598
0.002630
0.003391
0.003493
0.002847
0.002772
0.003551
0.003721
0.002611
0.002582
0.003572
0.003390
0.003269
0.003044
0.002959
0.003631
0.003761
0.003598
0.003280
0.002540
0.003315
0.003076
0.002763
0.003204
0.003009
0.002917
0.002682
0.003270
0.003258
0.002735
0.002824
0.002594
0.002611
0.003327
0.003158
0.003324
0.002537
0.003336
0.003587
0.003589
0.003346
0.003179
0.002597
0.003588
0.003685
0.004059
0.003598
0.003455
0.002635
0.003202
0.003293
0.002566
0.003304
0.003660
0.003608
0.002696
0.003270
0.003666
0.003042
0.002969
0.002823
0.003000
0.003145
0.002999
0.002721
0.003254
0.002926
0.002901
0.003412
0.003325
0.002714
0.003828
0.003747
0.003320
0.002618
0.003468
0.003318
0.002400
0.003448
0.002504
0.002757
0.004197
0.002885
0.002594
0.003947
0.002972
0.003404
0.002980
0.003787
0.002557
0.003204
0.002896
0.002857
0.003392
0.003215
0.002625
0.002602
0.002488
0.002666
0.003577
0.002569
0.003192
0.003154
0.002458
0.003471
0.003740
0.003609
0.003141
0.003515
0.002558
0.003609
0.003597
0.002829
0.003001
0.003245
0.003267
0.003272
0.002511
0.003975
0.003442
0.003076
0.002411
0.003215
0.004477
0.003316
0.002561
0.002489
0.003935
0.003872
0.003419
0.003386
0.003106
0.002730
0.003574
0.002950
0.002768
0.003608
0.002886
0.003620
0.003336
0.002534
0.002827
0.002945
0.002869
0.003381
0.002701
0.003363
0.003174
0.003211
0.002930
0.003128
0.003699
0.003630
0.002834
0.002536
0.002828
0.004128
0.003322
0.003853
0.003529
0.003136
0.004954
0.003645
0.003070
0.002991
0.003258
0.002532
0.002731
0.003380
0.003617
0.003206
0.002770
0.003852
0.002871
0.002968
0.003111
0.002740
0.003788
0.002683
0.003599
0.003417
0.003175
0.003247
0.002760
0.003422
0.003063
0.003621
0.003889
0.003350
0.003307
0.002806
0.003505
0.003478
0.002814
0.003163
0.003164
0.001886
0.003180
0.003826
0.002265
0.002876
0.002406
0.002779
0.002662
0.002610
0.002912
0.003153
0.003632
0.003372
0.003584
0.003592
0.003483
0.002532
0.002428
0.003564
0.004023
0.003459
0.002077
0.003476
0.003060
0.003839
0.003226
0.003481
0.002960
0.003873
0.002489
0.003345
0.002469
0.003598
0.004063
0.002405
0.003398
0.003059
0.002642
0.003118
0.003004
0.003935
0.002559
0.003195
0.002872
0.003819
0.002536
0.003597
0.003346
0.003625
0.002835
0.003630
0.003080
0.002767
0.003622
0.002851
0.003553
0.003569
0.003661
0.003564
0.003912
0.002563
0.003474
0.003590
0.002616
0.002697
0.003557
0.003272
0.003601
0.003580
0.003425
0.003060
0.002986
0.002667
0.003603
0.003498
0.002563
0.002548
0.003601
0.003727
0.003625
0.002731
0.003179
0.002489
0.003247
0.002780
0.003306
0.002752
0.003849
0.002138
0.002433
0.002417
0.003534
0.003222
0.003170
0.003103
0.003226
0.003688
0.002562
0.003191
0.002820
0.003013
0.002702
0.003361
0.003589
0.003511
0.003214
0.002649
0.002476
0.003255
0.003696
0.002815
0.002555
0.003650
0.003633
0.003386
0.003221
0.002454
0.002575
0.003044
0.002634
0.002743
0.003608
0.003592
0.002841
0.002901
0.002576
0.002877
0.003587
0.003551
0.002996
0.002637
0.003342
0.003655
0.003723
0.002595
0.003022
0.003480
0.003461
0.002551
0.003237
0.002746
0.003322
0.003266
0.003328
0.002939
0.003291
0.002749
0.003786
0.003460
0.002689
0.002520
0.003334
0.002506
0.003454
0.003278
0.002482
0.003459
0.003610
0.003712
0.002378
0.003360
0.003741
0.003613
0.003447
0.003169
0.003007
0.002951
0.003187
0.003216
0.003293
0.003733
0.003383
0.002560
0.003135
0.003097
0.003569
0.003161
0.003234
0.003228
0.003188
0.002026
0.002738
0.002548
0.003098
0.002554
0.002666
0.003629
0.002820
0.003736
0.003131
0.003642
0.002658
0.002825
0.002636
0.003432
0.003410
0.003110
0.003411
0.003227
0.003296
0.003573
0.003457
0.003505
0.002875
0.002506
0.002533
0.003285
0.002563
0.003205
0.002737
0.002500
0.002568
0.003486
0.003313
0.003602
0.003549
0.003403
0.003495
0.003404
0.002338
0.001958
0.003201
0.003071
0.002508
0.003090
0.003548
0.003282
0.003041
0.002530
0.002331
0.001929
0.001493
0.002523
0.002799
0.002597
0.002739
0.002638
0.003874
0.003861
0.003247
0.003610
0.002605
0.002558
0.002723
0.003060
0.003000
0.003081
0.003329
0.003076
0.002597
0.003320
0.002654
0.003008
0.003282
0.003349
0.003695
0.003389
0.003555
0.003630
0.004252
0.003580
0.002776
0.002786
0.002691
0.002839
0.003697
0.003243
0.003550
0.002943
0.003625
0.003736
0.003400
0.002867
0.003161
0.002511
0.003117
0.002557
0.003159
0.003371
0.002606
0.002847
0.003097
0.002824
0.002907
0.002646
0.002687
0.003173
0.003329
0.003632
0.003027
0.003428
0.002694
0.003557
0.002711
0.003546
0.003357
0.003526
0.003496
0.003208
0.003589
0.003687
0.002433
0.003545
0.003531
0.002711
0.003276
0.002470
0.002736
0.003155
0.003716
0.002522
0.003453
0.002669
0.003204
0.001948
0.003591
0.003016
0.003597
0.002435
0.003269
0.003598
0.003159
0.003241
0.002932
0.003470
0.002677
0.003828
0.003254
0.004349
0.002572
0.003999
0.003207
0.003485
0.003094
0.002862
0.002880
0.003564
0.002512
0.002852
0.003568
0.003647
0.002586
0.003408
0.003019
0.002526
0.003625
0.002433
0.003401
0.003225
0.002933
0.003194
0.003240
0.003247
0.003094
0.003289
0.003283
0.002504
0.002554
0.002553
0.003135
0.003588
0.003639
0.003064
0.002492
0.002351
0.002641
0.003691
0.003941
0.003572
0.003217
0.003433
0.003583
0.003086
0.003169
0.002830
0.003391
0.003308
0.003269
0.003715
0.002585
