0.003631
0.003318
0.004186
0.003236
0.002546
0.003117
0.003068
0.003286
0.003343
0.002934
0.002494
0.003107
0.002578
0.003254
0.003306
0.002480
0.003313
0.002962
0.002509
0.003035
0.002419
0.003369
0.002589
0.003247
0.002492
0.002932
0.003331
0.003206
0.002602
0.003335
0.002459
0.002856
0.002479
0.003204
0.002612
0.003322
0.003293
0.002979
0.002480
0.002610
0.002878
0.002883
0.002570
0.004787
0.003913
0.003322
0.002913
0.002581
0.002593
0.003257
0.002710
0.002975
0.002617
0.002879
0.003288
0.003273
0.003256
0.003282
0.003272
0.002940
0.002652
0.002578
0.003027
0.003131
0.003287
0.002581
0.004021
0.003252
0.003236
0.002809
0.003381
0.003170
0.002633
0.003274
0.003351
0.003242
0.003549
0.002533
0.002591
0.002332
0.002582
0.003251
0.003205
0.002628
0.002494
0.002967
0.003309
0.002994
0.002700
0.004049
0.002981
0.002665
0.004000
0.003324
0.003272
0.003278
0.002923
0.002488
0.002913
0.003400
0.003212
0.002972
0.003379
0.002631
0.003771
0.003413
0.003371
0.002824
0.003120
0.003497
0.003294
0.002736
0.003224
0.003209
0.002808
0.002528
0.003270
0.003255
0.002491
0.002990
0.002959
0.002598
0.003263
0.003217
0.003265
0.003440
0.002599
0.003422
0.002961
0.003029
0.003189
0.002491
0.002953
0.002730
0.003100
0.003259
0.003290
0.002683
0.002562
0.003245
0.003453
0.003729
0.003130
0.002989
0.002444
0.003260
0.002512
0.003584
0.003361
0.002621
0.003051
0.003292
0.003289
0.003467
0.003239
0.003450
0.003755
0.002981
0.002477
0.004030
0.002945
0.002684
0.003407
0.003633
0.002973
0.003456
0.003450
0.003867
0.003093
0.003289
0.003272
0.003278
0.002623
0.003025
0.002584
0.003379
0.003198
0.002736
0.003859
0.003050
0.002570
0.002965
0.002546
0.003513
0.002550
0.002529
0.003111
0.002910
0.002903
0.002718
0.002511
0.002693
0.002751
0.002822
0.003295
0.002564
0.003383
0.002598
0.003469
0.002644
0.003062
0.002590
0.002660
0.002856
0.002834
0.002417
0.003290
0.003212
0.002983
0.002435
0.002643
0.003241
0.002632
0.003465
0.003391
0.003419
0.003484
0.003698
0.002615
0.003197
0.002938
0.003240
0.003346
0.002488
0.003320
0.002990
0.003003
0.002498
0.002455
0.002729
0.003701
0.003221
0.002820
0.002716
0.002725
0.002667
0.003234
0.003283
0.003286
0.002877
0.002514
0.002976
0.002884
0.002497
0.002621
0.002557
0.002915
0.002560
0.003262
0.003195
0.002579
0.003287
0.003203
0.002483
0.004041
0.002962
0.002865
0.002512
0.002951
0.002959
0.002839
0.002847
0.002736
0.003270
0.002485
0.003933
0.003303
0.002645
0.003752
0.002595
0.003369
0.002972
0.003240
0.003256
0.002698
0.003493
0.003255
0.003237
0.003470
0.003328
0.002604
0.002935
0.003027
0.003228
0.002702
0.002886
0.003294
0.003230
0.002530
0.002566
0.002540
0.002805
0.003478
0.002593
0.003459
0.002577
0.003335
0.003254
0.002956
0.003322
0.003731
0.002903
0.002919
0.003131
0.003280
0.002849
0.002967
0.002681
0.003883
0.002565
0.003311
0.003180
0.002722
0.002537
0.003403
0.002499
0.003252
0.003369
0.002553
0.002973
0.003579
0.002974
0.002990
0.003453
0.003757
0.002526
0.002955
0.002823
0.003313
0.003381
0.002573
0.002990
0.002888
0.003341
0.003772
0.003487
0.003475
0.003013
0.003283
0.003555
0.003600
0.004471
0.003546
0.003956
0.002808
0.003503
0.003282
0.003254
0.003513
0.003022
0.002938
0.003236
0.003635
0.003252
0.002573
0.003521
0.003023
0.002924
0.002890
0.003922
0.002959
0.002570
0.003363
0.003367
0.002852
0.002979
0.003222
0.002944
0.002487
0.003071
0.003315
0.002985
0.002482
0.004037
0.002990
0.002642
0.004301
0.002510
0.003256
0.003337
0.002626
0.002680
0.003363
0.002610
0.002950
0.003311
0.003263
0.003269
0.003260
0.003131
0.003303
0.003313
0.002626
0.002602
0.003278
0.002802
0.002691
0.002572
0.003575
0.003227
0.002472
0.002860
0.002413
0.003275
0.002794
0.002809
0.003263
0.002725
0.002557
0.002569
0.002565
0.003016
0.003239
0.003230
0.003149
0.003023
0.002801
0.003188
0.003186
0.002542
0.002962
0.003361
0.002621
0.003526
0.003306
0.003262
0.002962
0.002701
0.003469
0.003258
0.002635
0.002560
0.003372
0.003214
0.003263
0.003286
0.003024
0.003465
0.002589
0.003402
0.002795
0.002897
0.003288
0.003547
0.003140
0.003205
0.002657
0.002497
0.003261
0.002511
0.003274
0.003289
0.002953
0.003298
0.003276
0.002940
0.002982
0.002552
0.003000
0.002477
0.002865
0.002863
0.002797
0.002985
0.002555
0.002961
0.003293
0.003241
0.002776
0.003320
0.002979
0.002684
0.002908
0.002900
0.002640
0.002598
0.003776
0.002758
0.003220
0.002878
0.003337
0.003329
0.003483
0.002472
0.003041
0.002715
0.002614
0.003205
0.002471
0.003277
0.003313
0.003216
0.002612
0.002970
0.002720
0.003946
0.002986
0.003321
0.002738
0.003295
0.003243
0.002783
0.002839
0.002771
0.003288
0.002960
0.002578
0.003379
0.003738
0.002404
0.003721
0.003316
0.003233
0.002759
0.002816
0.003317
0.004105
0.003397
0.003105
0.003820
0.003370
0.003737
0.002514
0.002739
0.003216
0.004480
0.003071
0.002976
0.003620
0.002917
0.002212
0.003858
0.003028
0.002482
0.003406
0.003723
0.002312
0.002601
0.003245
0.003349
0.002985
0.003383
0.003721
0.002667
0.003964
0.003271
0.003571
0.003717
0.003306
0.003008
0.003192
0.002705
0.003538
0.003350
0.003314
0.003264
0.002662
0.002786
0.002979
0.003450
0.003103
0.002679
0.002823
0.003623
0.003427
0.003003
0.002684
0.003021
0.003385
0.003481
0.002593
0.003193
0.002967
0.003976
0.003241
0.002700
0.003313
0.003111
0.002576
0.003253
0.003424
0.003211
0.003045
0.003552
0.003232
0.002471
0.003773
0.003292
0.003440
0.003305
0.003163
0.002080
0.003291
0.002563
0.002976
0.003018
0.003271
0.003111
0.002636
0.002398
0.003749
0.003004
0.003413
0.002528
0.003261
0.003036
0.003246
0.002982
0.003730
0.002503
0.003892
0.002526
0.003264
0.003232
0.003774
0.003058
0.002656
0.003295
0.003243
0.002460
0.003724
0.003577
0.002742
0.002480
0.003228
0.003301
0.002696
0.004173
0.002785
0.003745
0.003393
0.003886
0.002555
0.003271
0.003154
0.002463
0.002924
0.003280
0.002636
0.003356
0.003186
0.003942
0.003399
0.003453
0.003160
0.002396
0.003163
0.003743
0.004349
0.003431
0.003575
0.003412
0.003381
0.002755
0.003313
0.004013
0.003228
0.003035
0.002544
0.003251
0.002966
0.003191
0.002832
0.003598
0.003286
0.003632
0.003339
0.002618
0.003415
0.003396
0.002454
0.002773
0.002107
0.003312
0.002472
0.003287
0.003214
0.002999
0.002885
0.004177
0.004080
0.002581
0.001898
0.002838
0.001578
0.002284
0.002929
0.003547
0.002995
0.003127
0.002752
0.002650
0.002473
0.001892
0.001857
0.002085
0.001892
0.003185
0.002646
0.002963
0.003184
0.003277
0.002710
0.003064
0.003136
0.002954
0.003489
0.002995
0.003022
0.003204
0.003330
0.002820
0.002538
0.002059
0.002652
0.002696
0.003270
0.003278
0.003439
0.003756
0.002021
0.002918
0.003079
0.003325
0.003259
0.003102
0.003201
0.002590
0.003289
0.002968
0.002786
0.002211
0.002588
0.002545
0.003300
0.002245
0.002680
0.002679
0.002327
0.003288
0.002030
0.002640
0.002637
0.002471
0.003105
0.002665
0.003280
0.003144
0.003147
0.002813
0.003877
0.003729
0.002844
0.003202
0.002031
0.003284
0.001754
0.002926
0.002629
0.002857
0.003176
0.003224
0.002907
0.004032
0.003276
0.003254
0.003730
0.004139
0.002811
0.003734
0.003435
0.003418
0.003660
0.003267
0.002766
0.002716
0.003564
0.004345
0.003522
0.003633
0.003591
0.002541
0.002792
0.002843
0.003475
0.003154
0.002693
0.003486
0.002297
0.004034
0.002682
0.003237
0.002332
0.002501
0.003432
0.003190
0.002717
0.003663
0.003276
0.003955
0.002430
0.003281
0.001970
0.003206
0.002827
0.002861
0.003761
0.003377
0.003163
0.001526
0.002506
0.001525
0.003796
0.003311
0.002685
0.003540
0.002384
0.001795
0.002591
0.002789
0.003558
0.003352
0.002525
0.002959
0.002865
0.002989
0.001966
0.002966
0.003202
0.002867
0.003130
0.003619
0.003206
0.001500
0.002690
0.002537
0.003762
0.002566
0.002703
0.003532
0.003792
0.003240
0.002957
0.003263
0.004414
0.002671
0.003362
0.003778
0.002930
0.003721
0.002772
0.002016
0.003211
0.002814
0.002931
0.002970
0.003228
0.003032
0.002456
0.002088
0.003348
0.002538
0.003291
0.002318
0.002520
0.003489
0.003231
0.003729
0.003280
0.003232
0.003414
0.003249
0.003282
0.002786
0.003353
0.002772
0.003644
0.003620
0.003452
0.003267
0.003113
0.003092
0.003008
0.003307
0.003235
0.003398
0.002728
0.003333
0.002107
0.002961
0.003029
0.003191
0.003266
0.003102
0.002518
0.002575
0.003263
0.002667
0.002237
0.002517
0.003341
0.002968
0.002365
0.003219
0.002035
0.003043
0.003144
0.002818
0.003108
0.002480
0.003491
0.003184
0.003240
0.002054
0.003086
0.002792
0.003200
0.003347
0.002657
0.002326
0.002803
0.003263
0.002917
0.002553
0.002034
0.003221
0.002778
0.003735
0.004138
0.003170
0.002951
0.002436
0.002607
0.002916
0.003295
0.002969
0.002794
0.003867
0.002691
0.003025
0.002425
0.003398
0.002972
0.002480
0.002663
0.003245
0.003313
0.002799
0.003071
0.003153
0.002556
0.002281
0.003230
0.002026
0.003202
0.003042
0.003750
0.003074
0.002913
0.003244
0.002020
0.002439
0.003223
0.002958
0.003205
0.002569
0.003587
0.002812
0.003267
0.002109
0.002786
0.002875
0.002744
0.003091
0.002733
0.002208
0.003651
0.003406
0.002670
0.003817
0.003224
0.003018
0.003258
0.002687
0.002437
0.002913
0.003752
0.003001
0.003056
0.002281
0.002887
0.002792
0.003238
0.002640
0.003280
0.003772
0.003066
0.002560
0.003009
0.002864
