0.003100
0.003045
0.002418
0.002444
0.002257
0.002421
0.002553
0.002332
0.002379
0.002957
0.002438
0.002409
0.002310
0.002438
0.002402
0.002430
0.002414
0.002415
0.002386
0.002348
0.002409
0.002449
0.002401
0.002383
0.002397
0.002438
0.002391
0.002388
0.002405
0.002178
0.002397
0.002427
0.002917
0.002370
0.002462
0.003064
0.002430
0.002356
0.002307
0.002910
0.002680
0.002618
0.003093
0.002205
0.002400
0.002302
0.002443
0.002454
0.002617
0.002331
0.002447
0.002455
0.002420
0.002380
0.002384
0.002464
0.002253
0.002435
0.002318
0.002392
0.003103
0.002193
0.002873
0.002913
0.002942
0.002479
0.002480
0.002455
0.003154
0.003243
0.002448
0.002433
0.002417
0.002448
0.002459
0.002279
0.002413
0.002458
0.002497
0.003061
0.003030
0.002508
0.003256
0.002560
0.003117
0.003534
0.002982
0.002454
0.002939
0.002599
0.002465
0.002435
0.002499
0.002409
0.002453
0.002769
0.002483
0.002250
0.003055
0.003049
0.002273
0.002426
0.002502
0.002330
0.002394
0.002368
0.002444
0.002427
0.002479
0.002251
0.002286
0.002495
0.002458
0.002228
0.002478
0.003073
0.003084
0.002353
0.002238
0.002391
0.002359
0.002489
0.003089
0.002207
0.002182
0.002358
0.002295
0.002421
0.002414
0.002409
0.002420
0.002429
0.002323
0.003291
0.002313
0.002427
0.002385
0.002301
0.002347
0.002432
0.003055
0.002403
0.002789
0.002373
0.002386
0.002436
0.002474
0.002402
0.003151
0.002297
0.002370
0.002373
0.002189
0.002380
0.002433
0.002494
0.002338
0.003228
0.002242
0.002398
0.002437
0.002460
0.002414
0.002275
0.002451
0.002451
0.003214
0.003075
0.003056
0.002876
0.003121
0.002366
0.003126
0.002377
0.002664
0.002472
0.003107
0.002720
0.002324
0.002483
0.002443
0.003263
0.002176
0.002189
0.002402
0.002470
0.002478
0.002215
0.002460
0.002424
0.002318
0.002449
0.002419
0.002467
0.003008
0.002425
0.002424
0.002200
0.002398
0.002435
0.002440
0.002473
0.002501
0.002434
0.002254
0.002420
0.002989
0.002570
0.002954
0.002332
0.002259
0.002409
0.002233
0.002234
0.002400
0.002486
0.002503
0.002987
0.002887
0.002445
0.002412
0.002295
0.002470
0.003061
0.002925
0.002475
0.002183
0.002342
0.002315
0.002453
0.002400
0.002348
0.002933
0.003135
0.003195
0.002475
0.002470
0.002430
0.002412
0.002426
0.002438
0.003084
0.002433
0.002311
0.002415
0.002191
0.002359
0.002338
0.002951
0.002416
0.002417
0.002343
0.003045
0.002213
0.002405
0.002234
0.002536
0.003092
0.002927
0.002178
0.002195
0.002573
0.003039
0.002434
0.002536
0.002255
0.002368
0.002469
0.003021
0.003148
0.002339
0.002409
0.002277
0.002420
0.002371
0.002403
0.002493
0.002515
0.002476
0.002873
0.002405
0.002243
0.002238
0.002458
0.002363
0.002432
0.002234
0.002474
0.002287
0.002466
0.002410
0.002452
0.002305
0.002476
0.003219
0.002425
0.002487
0.002428
0.002467
0.002466
0.002346
0.002951
0.002428
0.002160
0.002441
0.002916
0.002329
0.002450
0.002451
0.002474
0.002716
0.002429
0.002453
0.002511
0.002151
0.002415
0.002416
0.002326
0.002464
0.003022
0.002426
0.002310
0.002183
0.002960
0.002196
0.002411
0.002381
0.002276
0.002423
0.002326
0.002489
0.002417
0.002392
0.002466
0.002341
0.002435
0.003127
0.002544
0.002872
0.002412
0.002266
0.002451
0.002441
0.002417
0.002471
0.002366
0.002346
0.002511
0.002426
0.002328
0.002450
0.003035
0.002377
0.002486
0.003088
0.002435
0.002419
0.002471
0.002396
0.002481
0.002937
0.002425
0.002418
0.002401
0.002307
0.002382
0.002432
0.002354
0.002457
0.002503
0.003007
0.002463
0.002454
0.002437
0.002216
0.002383
0.003075
0.002453
0.002454
0.002446
0.002536
0.002388
0.003032
0.002475
0.002977
0.002424
0.002285
0.003189
0.002468
0.002473
0.002402
0.002275
0.002462
0.002287
0.002348
0.002459
0.002356
0.002328
0.003053
0.002507
0.003197
0.002486
0.002437
0.002530
0.002346
0.002244
0.002438
0.002310
0.002235
0.002411
0.002418
0.002404
0.002329
0.002309
0.002909
0.002451
0.002399
0.002916
0.003154
0.002303
0.002436
0.002230
0.002292
0.002266
0.002441
0.002488
0.002402
0.002277
0.002425
0.002419
0.002411
0.002406
0.002293
0.002428
0.002436
0.002212
0.002478
0.002412
0.002437
0.002265
0.002470
0.002468
0.002525
0.002391
0.002448
0.002503
0.002410
0.002413
0.002416
0.002390
0.002319
0.002405
0.002449
0.002446
0.002511
0.002451
0.002927
0.003208
0.002502
0.002422
0.002402
0.002387
0.002488
0.002403
0.002416
0.002427
0.002320
0.002924
0.003757
0.002939
0.002427
0.002323
0.002389
0.002801
0.002413
0.002289
0.002424
0.002364
0.002202
0.002353
0.002429
0.002490
0.002420
0.002287
0.002497
0.002241
0.002251
0.002443
0.002455
0.002337
0.002360
0.002238
0.002204
0.002196
0.002429
0.002548
0.003082
0.002388
0.002474
0.002268
0.002243
0.001687
0.002849
0.002266
0.002450
0.002216
0.002324
0.002343
0.002896
0.001806
0.002392
0.002481
0.002293
0.002930
0.002474
0.001674
0.002720
0.002855
0.003009
0.004178
0.002316
0.001545
0.003048
0.002913
0.001579
0.002546
0.001662
0.002394
0.003183
0.001431
0.002360
0.001644
0.003107
0.002287
0.002884
0.002452
0.002366
0.002452
0.002201
0.003086
0.002430
0.002132
0.002712
0.002258
0.002219
0.001594
0.003161
0.002755
0.002280
0.002946
0.002136
0.002214
0.002955
0.002420
0.002939
0.002984
0.002128
0.002218
0.001587
0.002209
0.002423
0.002422
0.002403
0.002913
0.002953
0.002314
0.001668
0.002444
0.002241
0.002399
0.002291
0.001502
0.002452
0.002893
0.002998
0.002240
0.002931
0.001585
0.002458
0.002309
0.002429
0.001662
0.002398
0.002379
0.002419
0.002483
0.002447
0.002980
0.002274
0.002318
0.002491
0.002359
0.002409
0.002950
0.002958
0.003023
0.003206
0.003104
0.002207
0.002212
0.002439
0.001642
0.002383
0.002379
0.002210
0.002399
0.002891
0.002401
0.002966
0.002916
0.002457
0.003248
0.002258
0.003257
0.002216
0.003047
0.002963
0.002444
0.002249
0.002971
0.001671
0.002147
0.002943
0.002532
0.001679
0.003069
0.002106
0.002801
0.004108
0.003101
0.001712
0.002279
0.003248
0.002503
0.003194
0.002398
0.002128
0.002298
0.001642
0.002375
0.002221
0.004208
0.001557
0.002421
0.001616
0.002373
0.002523
0.003150
0.002319
0.002180
0.002917
0.002091
0.002182
0.002472
0.002593
0.002309
0.002348
0.002816
0.002391
0.002059
0.002823
0.002551
0.002367
0.002353
0.002624
0.002172
0.003068
0.001746
0.002384
0.002476
0.002303
0.002177
0.002441
0.002932
0.002406
0.002422
0.002933
0.002428
0.002233
0.002965
0.002469
0.002398
0.002171
0.002482
0.001680
0.002385
0.002815
0.003007
0.002783
0.002304
0.002199
0.002132
0.002209
0.002107
0.002376
0.002384
0.002636
0.002378
0.002332
0.002173
0.002379
0.002281
0.003284
0.001622
0.003618
0.002442
0.002223
0.002376
0.002272
0.002859
0.002312
0.002366
0.001597
0.002326
0.002466
0.001678
0.003089
0.003096
0.001780
0.002441
0.002262
0.002375
0.001591
0.002903
0.002602
0.002362
0.003255
0.002351
0.002398
0.002403
0.002069
0.002061
0.002412
0.002618
0.002993
0.002417
0.001651
0.002135
0.002967
0.004115
0.001587
0.003168
0.002050
0.002621
0.002313
0.001636
0.002085
0.001782
0.001554
0.002651
0.002994
0.002481
0.001643
0.002985
0.001823
0.002334
0.002330
0.002390
0.002949
0.002164
0.001659
0.002911
0.002446
0.002853
0.002488
0.002457
0.002870
0.002166
0.002351
0.002499
0.002418
0.002408
0.002512
0.002998
0.002362
0.002544
0.003302
0.002298
0.002373
0.002349
0.001624
0.002207
0.002402
0.002390
0.002436
0.002446
0.003422
0.002282
0.002420
0.002383
0.002155
0.002973
0.003101
0.002314
0.003019
0.002310
0.002405
0.001075
0.001574
0.002341
0.002358
0.002917
0.002423
0.003013
0.002367
0.002289
0.001549
0.002960
0.002152
0.001580
0.002963
0.002533
0.002395
0.002341
0.002911
0.001582
0.001794
0.003193
0.002274
0.002982
0.003229
0.002297
0.002398
0.002173
0.002372
0.001762
0.002905
0.003037
0.002236
0.002517
0.002401
0.002383
0.002356
0.002353
0.002478
0.002267
0.002347
0.002384
0.002379
0.002242
0.002483
0.002433
0.002421
0.001622
0.001690
0.002850
0.003123
0.002154
0.002320
0.002356
0.002250
0.002303
0.002452
0.002450
0.001650
0.002389
0.002421
0.002435
0.002446
0.002363
0.001844
0.002483
0.002988
0.001770
0.002308
0.002316
0.002435
0.002340
0.002974
0.002292
0.002418
0.002397
0.002419
0.002188
0.002385
0.002383
0.002413
0.002472
0.002376
0.002962
0.002144
0.002419
0.001848
0.003683
0.002503
0.002440
0.002166
0.002370
0.001652
0.002423
0.001661
0.003227
0.003233
0.002388
0.001829
0.002405
0.002951
0.002334
0.002457
0.002899
0.003135
0.002333
0.002264
0.001660
0.001625
0.002441
0.002299
0.002414
0.002228
0.002460
0.002328
0.002476
0.002269
0.002262
0.003016
0.002991
0.002746
0.002450
0.002940
0.002975
0.002770
0.002453
0.002350
0.002467
0.002430
0.002353
0.002405
0.002235
0.001741
0.002454
0.002223
0.002475
0.002454
0.002171
0.001697
0.002194
0.001746
0.002427
0.002950
0.002277
0.002411
0.001689
0.002404
0.002830
0.002386
0.002424
0.003000
0.002449
0.002234
0.002096
0.002223
0.002427
0.002410
0.002337
0.002378
0.001781
0.002353
0.002506
0.001628
0.002379
0.002404
0.002375
0.001625
0.002941
0.001585
0.002324
0.003271
0.002380
0.002450
0.002484
0.003015
0.003000
0.002449
0.002429
0.001572
0.002764
0.003002
0.004195
0.002966
0.002434
0.002677
0.003031
0.002173
0.001615
0.002499
0.002408
0.004108
0.003229
0.002373
0.003033
0.002999
0.002426
0.003048
0.002317
0.002425
0.002431
0.002437
0.002330
0.002132
0.002486
