0.004052
0.004183
0.003608
0.004703
0.003845
0.003797
0.003536
0.003176
0.003552
0.003099
0.003256
0.003874
0.003022
0.003513
0.003452
0.003140
0.004048
0.004735
0.003633
0.003909
0.004809
0.003146
0.003113
0.004071
0.003538
0.003105
0.004343
0.003064
0.003896
0.003997
0.004025
0.003770
0.005055
0.003753
0.004164
0.003730
0.004431
0.003832
0.003622
0.003602
0.003834
0.005001
0.004190
0.003218
0.003712
0.004043
0.003927
0.003286
0.003580
0.004234
0.003358
0.003512
0.003229
0.004326
0.003721
0.003560
0.003125
0.003281
0.003446
0.004130
0.003609
0.003454
0.002863
0.003534
0.003872
0.002094
0.002224
0.003579
0.001917
0.003414
0.004337
0.003260
0.002916
0.003254
0.003632
0.003584
0.004224
0.002908
0.003689
0.003863
0.003463
0.003839
0.003474
0.004117
0.003966
0.003062
0.003519
0.004055
0.003628
0.003346
0.003732
0.003547
0.003353
0.003579
0.003196
0.002852
0.003076
0.003439
0.004110
0.003534
0.004104
0.003902
0.003249
0.003662
0.003256
0.003576
0.003075
0.003544
0.003481
0.003601
0.003904
0.003414
0.003661
0.004103
0.003819
0.003561
0.003170
0.003666
0.004204
0.003547
0.003134
0.003530
0.003647
0.003259
0.003581
0.003400
0.003117
0.003457
0.003703
0.003736
0.003133
0.003697
0.003574
0.003637
0.003051
0.003117
0.003601
0.003626
0.003799
0.003748
0.003949
0.003926
0.003594
0.003546
0.003576
0.003855
0.004132
0.004698
0.003895
0.005194
0.004034
0.004064
0.004178
0.004166
0.003579
0.003222
0.003302
0.002840
0.004211
0.003765
0.003135
0.003569
0.003726
0.003330
0.003190
0.003158
0.003585
0.003185
0.003391
0.003133
0.003506
0.003897
0.004026
0.003092
0.003615
0.003874
0.003432
0.003113
0.003726
0.003495
0.003817
0.003509
0.003497
0.003525
0.003139
0.003333
0.003140
0.003520
0.003383
0.003235
0.003468
0.003638
0.003667
0.003076
0.003069
0.003574
0.003558
0.004192
0.003523
0.003706
0.003238
0.003568
0.004127
0.003471
0.003140
0.003176
0.003554
0.004125
0.003519
0.004105
0.004120
0.003474
0.003419
0.003040
0.003173
0.004087
0.004210
0.004322
0.003346
0.003062
0.003559
0.003713
0.003661
0.004058
0.003713
0.004064
0.004066
0.003592
0.003815
0.003172
0.003567
0.003668
0.004422
0.004423
0.003098
0.003546
0.003811
0.003558
0.004816
0.003689
0.003410
0.003192
0.003998
0.003908
0.003612
0.003751
0.003389
0.003918
0.003142
0.004380
0.003508
0.003166
0.003764
0.004049
0.003237
0.003362
0.003685
0.004085
0.003117
0.003303
0.003719
0.003186
0.003554
0.003814
0.004072
0.003785
0.003153
0.003491
0.003237
0.003216
0.003370
0.003117
0.003706
0.003414
0.003765
0.003929
0.003490
0.003172
0.004297
0.004348
0.004057
0.003414
0.003811
0.003170
0.003654
0.003780
0.003259
0.003434
0.004053
0.004225
0.003412
0.004079
0.003907
0.003533
0.003425
0.003087
0.003040
0.003557
0.003895
0.003951
0.003088
0.004173
0.003457
0.004186
0.003225
0.003099
0.004376
0.003098
0.003492
0.003237
0.003196
0.003609
0.003100
0.004054
0.003224
0.004126
0.003267
0.003978
0.004094
0.003472
0.003648
0.004955
0.003545
0.004246
0.004130
0.003478
0.004240
0.003344
0.003578
0.003935
0.004015
0.003729
0.003997
0.003577
0.003797
0.004196
0.003486
0.003113
0.003600
0.003809
0.003015
0.004285
0.004359
0.004294
0.004294
0.003305
0.003644
0.004478
0.003546
0.003111
0.003415
0.003314
0.003522
0.003269
0.003494
0.003657
0.003598
0.003082
0.003154
0.003468
0.003527
0.003833
0.003403
0.003322
0.004146
0.003273
0.003155
0.002992
0.003671
0.003082
0.003151
0.003540
0.003443
0.003735
0.002991
0.004366
0.003634
0.004062
0.003741
0.003944
0.004181
0.003812
0.003538
0.003344
0.003568
0.003715
0.004506
0.003038
0.003099
0.003743
0.004112
0.003567
0.003399
0.003331
0.003067
0.003354
0.004020
0.004003
0.003009
0.003643
0.003926
0.004226
0.003322
0.003634
0.004109
0.003459
0.004180
0.003480
0.004261
0.003516
0.003897
0.003125
0.003636
0.003412
0.003580
0.003962
0.004219
0.004300
0.003182
0.003447
0.003838
0.003971
0.003903
0.004348
0.003257
0.003748
0.003332
0.003440
0.003198
0.004248
0.003111
0.003335
0.003572
0.004506
0.004175
0.003025
0.004435
0.003547
0.003839
0.004290
0.003469
0.003054
0.003574
0.004882
0.004140
0.003736
0.003789
0.003184
0.003042
0.003122
0.003185
0.004020
0.003604
0.003538
0.003540
0.003545
0.003887
0.003189
0.003522
0.004119
0.004000
0.003910
0.003864
0.003758
0.003722
0.003781
0.003724
0.004077
0.004504
0.003825
0.003890
0.003601
0.004120
0.003001
0.004105
0.004329
0.003048
0.003763
0.003408
0.004090
0.003739
0.003933
0.003537
0.003631
0.003329
0.003107
0.003957
0.004088
0.003576
0.003655
0.003158
0.003609
0.003496
0.003185
0.003783
0.003097
0.003409
0.003635
0.003582
0.003127
0.003554
0.003802
0.002838
0.003915
0.003996
0.003439
0.003993
0.003772
0.003977
0.004180
0.003726
0.004209
0.003376
0.003855
0.004294
0.003869
0.003681
0.003907
0.003691
0.003232
0.003288
0.003066
0.003045
0.003744
0.003586
0.004220
0.004003
0.004022
0.004187
0.004922
0.004105
0.003434
0.002913
0.003566
0.002928
0.003715
0.003591
0.003668
0.003620
0.003543
0.004881
0.003601
0.002953
0.004782
0.004146
0.003754
0.003996
0.003531
0.002922
0.003484
0.005024
0.003068
0.003678
0.003211
0.003583
0.003849
0.004134
0.003479
0.004904
0.003733
0.004064
0.003133
0.003005
0.004863
0.003741
0.004531
0.003900
0.004021
0.004320
0.003185
0.003479
0.003404
0.002779
0.003059
0.004073
0.004100
0.002692
0.004832
0.003778
0.003668
0.003096
0.003039
0.003733
0.003881
0.003849
0.003251
0.003371
0.003031
0.003995
0.003987
0.003294
0.004021
0.003002
0.003553
0.003078
0.004148
0.003187
0.003596
0.003075
0.003018
0.003571
0.003310
0.004288
0.003509
0.003945
0.004210
0.004161
0.003795
0.003501
0.002835
0.003264
0.004075
0.003215
0.003830
0.004604
0.004146
0.003537
0.003699
0.003985
0.004716
0.004605
0.003551
0.004374
0.003684
0.003221
0.003676
0.004449
0.003889
0.004116
0.004288
0.005630
0.004096
0.004247
0.003893
0.004242
0.003140
0.003791
0.004100
0.003089
0.003555
0.002846
0.002725
0.002928
0.003123
0.003895
0.003775
0.004143
0.003562
0.003381
0.003831
0.004199
0.003461
0.003061
0.004054
0.003920
0.003777
0.003554
0.003011
0.003058
0.004058
0.004022
0.003869
0.003004
0.004140
0.004628
0.002876
0.004592
0.002978
0.003044
0.004086
0.002666
0.003756
0.004106
0.003944
0.003113
0.003374
0.004534
0.003701
0.004384
0.003542
0.002915
0.004368
0.002950
0.003299
0.004795
0.004139
0.003255
0.003176
0.003726
0.003187
0.003572
0.004079
0.004404
0.004231
0.003255
0.004123
0.003725
0.003174
0.003858
0.003700
0.003693
0.003408
0.003040
0.003521
0.003703
0.003241
0.004194
0.002999
0.004282
0.003915
0.003715
0.004106
0.004310
0.004151
0.003219
0.002860
0.003908
0.003289
0.004193
0.002755
0.003958
0.003709
0.003094
0.003486
0.003049
0.003356
0.003864
0.003462
0.003065
0.003499
0.004041
0.004124
0.004481
0.003816
0.004094
0.003243
0.003882
0.003838
0.003662
0.004144
0.003508
0.004113
0.004213
0.003778
0.003223
0.003538
0.003654
0.003607
0.003923
0.004198
0.003015
0.004106
0.003815
0.003457
0.003541
0.003569
0.003323
0.003426
0.003908
0.003471
0.003336
0.003660
0.004156
0.003139
0.002909
0.003862
0.003999
0.004081
0.003650
0.003435
0.004273
0.003184
0.003636
0.004178
0.004179
0.004298
0.004303
0.003043
0.003359
0.002890
0.003327
0.003167
0.003026
0.004095
0.004031
0.003738
0.003498
0.004098
0.004139
0.003176
0.003078
0.004258
0.004090
0.003389
0.004186
0.004399
0.004017
0.003379
0.003576
0.003221
0.003096
0.002927
0.003954
0.003806
0.004354
0.003507
0.003374
0.003773
0.004133
0.003963
0.004215
0.004523
0.004157
0.003557
0.003019
0.003536
0.004213
0.003579
0.003585
0.003579
0.004254
0.004386
0.003406
0.004367
0.003272
0.003715
0.003017
0.003875
0.003038
0.003966
0.003633
0.004077
0.003935
0.004117
0.003695
0.004052
0.003397
0.004000
0.004190
0.003983
0.003207
0.003529
0.004584
0.004867
0.002910
0.003183
0.002959
0.004120
0.004301
0.003318
0.004697
0.003221
0.004070
0.003883
0.003417
0.003118
0.003321
0.004381
0.003841
0.003571
0.003489
0.004116
0.003462
0.003526
0.003327
0.003560
0.004306
0.003258
0.004383
0.003751
0.003634
0.003119
0.003264
0.003143
0.003879
0.003598
0.003654
0.003772
0.004447
0.003760
0.004146
0.003080
0.003855
0.004556
0.002970
0.004314
0.003947
0.004618
0.004172
0.003702
0.002913
0.003524
0.004170
0.004673
0.003085
0.004225
0.002821
0.003350
0.004267
0.002990
0.003746
0.004202
0.003599
0.003162
0.003214
0.003409
0.003170
0.003911
0.003380
0.003421
0.004008
0.003411
0.003797
0.003053
0.003273
0.003377
0.004287
0.003528
0.004194
0.003438
0.004833
0.004133
0.003897
0.004009
0.002996
0.003822
0.004171
0.003653
0.003584
0.004257
0.003118
0.004213
0.003490
0.003387
0.004060
0.002919
0.003109
0.003713
0.003370
0.002606
0.004371
0.003451
0.004442
0.004471
0.003478
0.003019
0.003629
0.002478
0.004010
0.004130
0.004472
0.004268
0.004707
0.003333
0.003043
0.004510
0.003558
0.003631
0.004507
0.003420
0.003542
0.003417
0.003626
0.003523
0.002844
0.002687
0.003843
0.004213
0.003775
0.003584
0.003688
0.003487
0.003750
0.003828
0.003260
0.003759
0.003224
0.003463
0.003562
0.003750
0.003924
0.003865
0.003392
0.003536
0.003658
0.004666
0.004017
0.004377
0.004002
0.004084
0.003762
0.004055
0.003765
0.003949
0.004148
0.003267
0.003644
0.002824
0.004024
0.003489
