0.004238
0.004457
0.004371
0.004443
0.004016
0.004221
0.003538
0.003154
0.003337
0.003949
0.004431
0.003801
0.003942
0.003116
0.003754
0.003612
0.004042
0.004138
0.003563
0.003221
0.004027
0.003650
0.004469
0.003385
0.004258
0.003648
0.003463
0.003377
0.003579
0.003240
0.003358
0.003264
0.003465
0.004192
0.004871
0.004058
0.003884
0.003986
0.003875
0.003977
0.003466
0.003514
0.004304
0.002841
0.004037
0.004332
0.003225
0.004941
0.003931
0.004626
0.003212
0.004076
0.003661
0.003580
0.004040
0.003447
0.003259
0.003179
0.003433
0.003252
0.003591
0.004242
0.003951
0.003205
0.003263
0.003580
0.003792
0.004062
0.003403
0.004063
0.003608
0.003200
0.003740
0.003164
0.003500
0.004222
0.003573
0.003882
0.003875
0.003713
0.003515
0.003488
0.003397
0.004033
0.003555
0.003872
0.004708
0.004624
0.003401
0.004515
0.004748
0.003130
0.003290
0.003849
0.004103
0.003267
0.004401
0.004394
0.004370
0.003702
0.003421
0.003583
0.003409
0.003554
0.004584
0.003179
0.003587
0.003221
0.003267
0.003920
0.003209
0.003277
0.003506
0.003246
0.003330
0.003155
0.003370
0.003274
0.003426
0.003214
0.003563
0.003360
0.003175
0.003891
0.003609
0.003689
0.003731
0.003446
0.003089
0.003227
0.003953
0.003758
0.004407
0.003762
0.003275
0.003428
0.003628
0.004163
0.004411
0.004569
0.003214
0.003538
0.003190
0.004228
0.003254
0.004463
0.004019
0.003237
0.004098
0.003526
0.003641
0.004140
0.004290
0.003480
0.004166
0.003525
0.004360
0.003237
0.003346
0.003484
0.003879
0.003109
0.003180
0.003465
0.004444
0.004679
0.003496
0.003120
0.004043
0.003103
0.003440
0.004733
0.005131
0.003303
0.003805
0.003558
0.003377
0.003939
0.004588
0.003980
0.003322
0.003552
0.003195
0.003697
0.004821
0.003418
0.004089
0.004075
0.003453
0.003392
0.003172
0.003594
0.003547
0.004432
0.003569
0.004076
0.003426
0.003447
0.003907
0.003892
0.003710
0.003196
0.004228
0.003355
0.003222
0.003973
0.003620
0.004338
0.004524
0.003674
0.004309
0.003272
0.004354
0.003630
0.004372
0.003072
0.003211
0.004256
0.003218
0.004002
0.003285
0.003371
0.003937
0.003199
0.003639
0.003210
0.003483
0.003962
0.004758
0.004306
0.003874
0.003772
0.004422
0.003652
0.004289
0.003174
0.003997
0.004393
0.004164
0.003517
0.003188
0.003222
0.003188
0.003352
0.003139
0.004348
0.003232
0.004301
0.003269
0.003564
0.004467
0.003650
0.003228
0.003779
0.003472
0.004155
0.003402
0.004325
0.003326
0.004021
0.004447
0.003669
0.003275
0.003907
0.004273
0.003301
0.003178
0.003675
0.003610
0.004259
0.003980
0.003254
0.003750
0.004449
0.003539
0.004139
0.004269
0.003660
0.003121
0.003134
0.003866
0.003444
0.003475
0.003142
0.003524
0.003129
0.003383
0.003553
0.003239
0.003279
0.003613
0.003586
0.003183
0.003977
0.003526
0.003198
0.003244
0.003533
0.004132
0.004154
0.003889
0.003353
0.004601
0.003470
0.003171
0.003907
0.003470
0.003455
0.003514
0.003568
0.003431
0.004043
0.003426
0.004270
0.005404
0.003973
0.003948
0.003498
0.003797
0.004384
0.004145
0.003984
0.003493
0.003596
0.003457
0.003848
0.004589
0.004500
0.003928
0.003603
0.004116
0.004361
0.003385
0.003677
0.004246
0.003958
0.003801
0.004435
0.003200
0.004030
0.004232
0.003462
0.003117
0.003822
0.004415
0.003472
0.004118
0.003674
0.003197
0.003253
0.004140
0.003581
0.003149
0.003163
0.004369
0.004427
0.003728
0.004453
0.004113
0.003144
0.003877
0.003626
0.004082
0.003381
0.004264
0.003599
0.003487
0.003229
0.003411
0.004014
0.004809
0.003230
0.003344
0.003330
0.003512
0.003237
0.003536
0.003239
0.003271
0.003437
0.004157
0.003532
0.003147
0.003264
0.003250
0.003405
0.003768
0.003558
0.003585
0.004257
0.003542
0.003635
0.003564
0.003174
0.003187
0.004251
0.003417
0.003073
0.003523
0.004107
0.003380
0.003148
0.003124
0.003416
0.003174
0.003203
0.003989
0.003185
0.003439
0.004020
0.003152
0.003521
0.004211
0.004086
0.003240
0.004401
0.004057
0.003548
0.003148
0.004551
0.003504
0.004042
0.003259
0.003200
0.003511
0.004327
0.003398
0.003180
0.003469
0.003554
0.004021
0.003916
0.003915
0.004383
0.003384
0.003146
0.003191
0.003862
0.003869
0.003366
0.003592
0.004297
0.003574
0.005988
0.003057
0.003630
0.004144
0.004270
0.003913
0.004130
0.003229
0.003540
0.004001
0.004240
0.003414
0.004315
0.003906
0.004305
0.003614
0.003677
0.003870
0.003604
0.003514
0.004368
0.003560
0.004110
0.004113
0.003895
0.004352
0.004523
0.004190
0.003549
0.003235
0.003152
0.003828
0.004162
0.003544
0.003537
0.003665
0.003245
0.003307
0.003652
0.004433
0.004402
0.003540
0.003662
0.004464
0.003590
0.003947
0.004300
0.003947
0.003515
0.003510
0.003524
0.003185
0.003635
0.004149
0.003170
0.004210
0.003580
0.004063
0.003703
0.003559
0.003538
0.003366
0.003129
0.003200
0.002416
0.003400
0.004781
0.003943
0.004243
0.004531
0.004085
0.003580
0.003233
0.004144
0.004226
0.004745
0.004423
0.003583
0.004052
0.003630
0.003476
0.003735
0.002727
0.002441
0.004588
0.003492
0.003621
0.002991
0.002741
0.004680
0.003834
0.003367
0.003970
0.003812
0.003033
0.003990
0.004194
0.004260
0.003233
0.002994
0.003091
0.004124
0.004274
0.003566
0.003677
0.003583
0.002969
0.002966
0.002903
0.004177
0.003792
0.003688
0.004339
0.003792
0.004791
0.003235
0.003128
0.003001
0.002684
0.003296
0.003063
0.004007
0.003363
0.003393
0.003598
0.003005
0.003133
0.002701
0.003546
0.004429
0.004775
0.003339
0.003217
0.002348
0.002585
0.002406
0.003177
0.003605
0.003509
0.002423
0.001704
0.004691
0.002452
0.004365
0.003805
0.003167
0.004338
0.003525
0.003746
0.004425
0.003917
0.003657
0.004112
0.002121
0.003339
0.004547
0.004276
0.002387
0.004714
0.004054
0.003208
0.002062
0.003565
0.003140
0.003574
0.003401
0.001958
0.003502
0.002171
0.003522
0.003544
0.003708
0.003347
0.004024
0.004489
0.003419
0.003562
0.003890
0.005087
0.002630
0.001815
0.004369
0.003608
0.003180
0.003279
0.003366
0.003585
0.004269
0.004570
0.004503
0.003541
0.003596
0.002556
0.002822
0.004083
0.003100
0.003767
0.003519
0.003982
0.003133
0.004391
0.003998
0.004158
0.003524
0.003598
0.004050
0.004244
0.004093
0.003186
0.004524
0.003867
0.002751
0.002531
0.003552
0.004043
0.003139
0.004211
0.004364
0.003116
0.004185
0.004207
0.004320
0.003344
0.003335
0.001974
0.003797
0.004108
0.003561
0.002842
0.004729
0.003706
0.002572
0.004471
0.003947
0.003198
0.004565
0.004312
0.004517
0.003604
0.003636
0.003686
0.003509
0.004101
0.003471
0.003287
0.003423
0.005223
0.003422
0.003756
0.003885
0.003091
0.004484
0.004056
0.003940
0.003092
0.003617
0.003608
0.004333
0.003276
0.003647
0.003540
0.003902
0.003678
0.003312
0.003952
0.003264
0.003887
0.003187
0.003933
0.003564
0.003553
0.002033
0.001962
0.004012
0.004314
0.004435
0.003574
0.003879
0.004333
0.004657
0.003247
0.003386
0.004690
0.003445
0.004762
0.004556
0.003193
0.003217
0.003933
0.004050
0.003566
0.002838
0.003929
0.003555
0.004589
0.003168
0.004020
0.004275
0.002777
0.004665
0.004651
0.003157
0.004222
0.003401
0.003409
0.003217
0.003367
0.003192
0.004145
0.001965
0.004647
0.001956
0.003565
0.003782
0.003733
0.003832
0.003752
0.003573
0.003500
0.003946
0.003780
0.003163
0.004165
0.003650
0.004209
0.003540
0.004653
0.004374
0.003970
0.004242
0.003478
0.004282
0.003953
0.003086
0.005066
0.004047
0.003362
0.003333
0.003643
0.004665
0.004161
0.002228
0.004073
0.003608
0.003719
0.003208
0.002677
0.003581
0.001951
0.003547
0.003977
0.003647
0.003867
0.003095
0.003317
0.004658
0.003567
0.003465
0.002884
0.002575
0.003949
0.003593
0.003637
0.003361
0.004249
0.004166
0.003056
0.003866
0.003727
0.003975
0.003402
0.004628
0.004295
0.002950
0.001670
0.001911
0.002295
0.002744
0.003668
0.003270
0.003872
0.003655
0.003932
0.003096
0.003983
0.004806
0.004274
0.004352
0.003417
0.002880
0.004227
0.003916
0.004040
0.003948
0.004108
0.004036
0.004452
0.004590
0.004247
0.003890
0.004683
0.003079
0.004543
0.003635
0.004376
0.003759
0.003111
0.004001
0.003797
0.003588
0.003667
0.004668
0.003197
0.003412
0.003032
0.003522
0.003372
0.003482
0.002257
0.004208
0.003785
0.003567
0.003599
0.003054
0.002896
0.004062
0.003266
0.002801
0.002930
0.003725
0.003329
0.003437
0.003546
0.003703
0.003621
0.002918
0.004093
0.002993
0.002972
0.003894
0.004407
0.003589
0.004211
0.002961
0.003788
0.003604
0.003058
0.003554
0.002394
0.004026
0.003625
0.003125
0.002621
0.003099
0.003240
0.004287
0.003710
0.003562
0.004302
0.004514
0.004304
0.003771
0.003781
0.003085
0.002987
0.002976
0.002915
0.003073
0.004023
0.003916
0.003508
0.002957
0.004005
0.002891
0.004738
0.004165
0.003396
0.003542
0.004024
0.003579
0.003313
0.004084
0.003913
0.004510
0.003083
0.004244
0.003498
0.004157
0.004325
0.003541
0.003136
0.003875
0.004160
0.003730
0.004530
0.003938
0.003517
0.003276
0.004346
0.002745
0.003411
0.003434
0.004238
0.003724
0.003060
0.004733
0.003564
0.003357
0.004016
0.003549
0.003211
0.004268
0.003723
0.003958
0.003513
0.003591
0.003357
0.004356
0.002679
0.004399
0.004215
0.004132
0.003202
0.002981
0.004356
0.003500
0.003023
0.003541
0.004455
0.004644
0.003586
0.003810
0.003537
0.004167
0.003799
0.003743
0.003858
0.003247
0.003813
0.004360
0.004111
0.004065
0.004269
0.004529
0.004121
0.003538
0.003857
0.003397
0.004455
0.004444
0.003265
0.004002
0.003720
0.003236
0.002890
0.003065
0.003742
