0.003922
0.003543
0.004649
0.003530
0.004131
0.004368
0.003970
0.003614
0.002889
0.004159
0.003370
0.003246
0.004009
0.003433
0.003561
0.003567
0.003092
0.004302
0.003371
0.003529
0.004060
0.003191
0.004043
0.003757
0.003069
0.003642
0.003013
0.004050
0.004078
0.003508
0.003856
0.003777
0.004730
0.004147
0.003980
0.003679
0.003581
0.003092
0.004167
0.003850
0.004030
0.004149
0.004128
0.002983
0.002794
0.003287
0.004398
0.003150
0.003751
0.003478
0.003115
0.003592
0.004229
0.003053
0.003354
0.004637
0.004187
0.003147
0.003309
0.004437
0.003049
0.003826
0.004148
0.003145
0.003706
0.004246
0.003957
0.003125
0.004306
0.004021
0.003109
0.003318
0.003146
0.003619
0.003157
0.003484
0.004143
0.003550
0.004119
0.003663
0.003784
0.003135
0.003743
0.002960
0.003164
0.004028
0.003669
0.003471
0.003258
0.003886
0.003096
0.003494
0.003677
0.002989
0.004612
0.003094
0.003713
0.003339
0.003626
0.003484
0.003541
0.003190
0.004157
0.003871
0.002862
0.003536
0.003914
0.003727
0.004182
0.003554
0.003452
0.003269
0.003112
0.003129
0.003139
0.003764
0.003767
0.004501
0.003536
0.003376
0.004208
0.003176
0.003443
0.003188
0.003335
0.003662
0.003159
0.004097
0.003510
0.003152
0.003700
0.003971
0.004220
0.005650
0.003732
0.004486
0.003916
0.003902
0.003175
0.003567
0.003130
0.003819
0.003482
0.004100
0.004021
0.003860
0.004032
0.003682
0.004229
0.003471
0.003652
0.004036
0.003922
0.003911
0.003627
0.003663
0.003908
0.003102
0.004002
0.003644
0.003885
0.004688
0.003764
0.003901
0.003752
0.003679
0.003363
0.003797
0.004271
0.003077
0.004105
0.003773
0.003812
0.003589
0.003183
0.003846
0.003604
0.003857
0.003607
0.004602
0.002858
0.003655
0.003974
0.003118
0.003299
0.004103
0.005374
0.003098
0.003581
0.003518
0.004080
0.003121
0.004047
0.003658
0.003940
0.003046
0.003089
0.004074
0.004142
0.004112
0.003929
0.003253
0.004142
0.004397
0.003878
0.003568
0.004035
0.004100
0.004080
0.004004
0.004471
0.003605
0.004569
0.004822
0.004058
0.004182
0.004645
0.003918
0.003360
0.003461
0.003629
0.004758
0.004124
0.003836
0.003087
0.003971
0.003329
0.003064
0.002980
0.003852
0.003656
0.003149
0.004122
0.003977
0.003613
0.004056
0.003652
0.004230
0.004238
0.003447
0.003618
0.004411
0.003177
0.003929
0.003157
0.003453
0.002571
0.004165
0.003529
0.003678
0.003318
0.003921
0.003537
0.003544
0.004083
0.003888
0.003176
0.003180
0.004162
0.003086
0.004141
0.003962
0.003724
0.003598
0.003783
0.003787
0.003211
0.004285
0.003956
0.003067
0.003862
0.004125
0.003314
0.003069
0.003848
0.003642
0.003694
0.003941
0.003932
0.003860
0.004132
0.003127
0.003623
0.003949
0.003225
0.003627
0.003349
0.003565
0.003637
0.003272
0.003364
0.003467
0.003491
0.003552
0.004105
0.004413
0.004180
0.002994
0.003886
0.003416
0.004584
0.003656
0.003613
0.003969
0.003606
0.004151
0.003933
0.003873
0.004143
0.004411
0.004054
0.004375
0.003443
0.004019
0.003132
0.003595
0.003937
0.004509
0.003290
0.003016
0.003941
0.003827
0.004634
0.003188
0.003630
0.003661
0.003852
0.004134
0.003161
0.003269
0.003196
0.003061
0.003852
0.003741
0.003644
0.003553
0.003995
0.003497
0.003473
0.003586
0.003558
0.004462
0.004418
0.004151
0.003824
0.003778
0.003840
0.004607
0.003508
0.003957
0.003561
0.003650
0.004001
0.004201
0.003440
0.003580
0.003807
0.003950
0.003594
0.003389
0.003528
0.003802
0.004019
0.003744
0.003730
0.002989
0.004400
0.004029
0.003105
0.004097
0.004140
0.003636
0.003465
0.003199
0.003630
0.004098
0.003533
0.003220
0.004547
0.003089
0.003172
0.003588
0.004566
0.003894
0.003679
0.003767
0.003160
0.003613
0.005156
0.004456
0.003714
0.004220
0.003391
0.003146
0.003101
0.003570
0.003727
0.003884
0.004104
0.003788
0.003555
0.003804
0.003094
0.003510
0.003519
0.004131
0.004269
0.002977
0.003503
0.004332
0.003819
0.003662
0.003270
0.003654
0.003510
0.003329
0.003307
0.004150
0.004193
0.003040
0.003058
0.004219
0.004276
0.003534
0.003863
0.004742
0.003990
0.003964
0.002999
0.003016
0.003581
0.003347
0.003100
0.003221
0.003952
0.004113
0.003725
0.003517
0.003255
0.003476
0.004003
0.003891
0.004099
0.003677
0.003774
0.003094
0.003534
0.003722
0.003620
0.003387
0.003536
0.004114
0.003936
0.003939
0.003045
0.003597
0.003323
0.003166
0.004322
0.003646
0.003071
0.004014
0.002994
0.003365
0.003026
0.004200
0.003486
0.003921
0.003497
0.004289
0.003994
0.003695
0.003024
0.004435
0.003849
0.002871
0.003974
0.003037
0.003183
0.003448
0.003208
0.003397
0.003426
0.003135
0.003623
0.003018
0.003924
0.002970
0.004217
0.003081
0.003275
0.003585
0.003785
0.003503
0.003736
0.003217
0.003123
0.003069
0.004246
0.003818
0.003329
0.003962
0.003822
0.003720
0.004159
0.003655
0.004098
0.003271
0.003517
0.003249
0.003516
0.003749
0.003257
0.002943
0.003430
0.003794
0.003773
0.004132
0.003515
0.002999
0.004344
0.003746
0.003800
0.003340
0.002854
0.003661
0.003705
0.003968
0.003809
0.003925
0.002673
0.003732
0.004249
0.004108
0.004029
0.003833
0.004190
0.003406
0.003956
0.003472
0.004333
0.003278
0.002733
0.003673
0.004119
0.003454
0.002785
0.003284
0.004843
0.003287
0.003986
0.004363
0.004016
0.003692
0.003415
0.003756
0.003719
0.003594
0.004413
0.003258
0.004698
0.004264
0.003024
0.003691
0.003096
0.004142
0.003063
0.003009
0.003232
0.002920
0.003306
0.003370
0.003848
0.003536
0.003602
0.003891
0.003251
0.003357
0.002612
0.004089
0.003478
0.003824
0.003835
0.003903
0.002997
0.003755
0.002910
0.002662
0.004013
0.003854
0.003291
0.002859
0.003403
0.003298
0.002996
0.003740
0.003790
0.004170
0.003609
0.004177
0.003524
0.003446
0.003365
0.003407
0.002614
0.003505
0.003376
0.004037
0.003924
0.003209
0.002320
0.002885
0.003845
0.003944
0.002811
0.002779
0.003451
0.003414
0.004119
0.003976
0.003435
0.003765
0.003089
0.003314
0.004173
0.003647
0.004148
0.004019
0.004288
0.003007
0.003091
0.003757
0.004174
0.003192
0.003118
0.003895
0.004155
0.004737
0.003769
0.002745
0.004799
0.004105
0.003767
0.003862
0.004035
0.003737
0.003746
0.004075
0.003261
0.003696
0.004123
0.004120
0.002586
0.003072
0.002786
0.003403
0.003504
0.004039
0.004010
0.003190
0.003508
0.003080
0.003440
0.003088
0.003847
0.003608
0.003636
0.003519
0.004293
0.003101
0.003137
0.002092
0.003754
0.004188
0.003916
0.004007
0.003013
0.004228
0.003654
0.001938
0.002984
0.003959
0.004103
0.003197
0.003019
0.003943
0.004697
0.004335
0.003137
0.003712
0.004107
0.003449
0.003356
0.003875
0.003509
0.003451
0.003708
0.003461
0.003696
0.003453
0.003191
0.004005
0.003630
0.003710
0.003147
0.004059
0.003541
0.004017
0.004230
0.004437
0.003100
0.003121
0.003131
0.003480
0.004022
0.003174
0.003016
0.004128
0.003531
0.003440
0.004038
0.004023
0.003790
0.003404
0.003069
0.003889
0.003399
0.004519
0.003538
0.004334
0.003485
0.003325
0.003073
0.004200
0.003954
0.002984
0.003680
0.003521
0.003580
0.003624
0.004112
0.002762
0.003390
0.004216
0.002945
0.004234
0.003957
0.002573
0.003681
0.003247
0.002653
0.003232
0.003799
0.003067
0.004380
0.003724
0.003459
0.003019
0.003722
0.004122
0.003664
0.003414
0.003664
0.003746
0.003243
0.004797
0.004104
0.003405
0.004126
0.004227
0.002991
0.004291
0.003631
0.003395
0.004062
0.004348
0.003095
0.003499
0.003979
0.003628
0.003506
0.003093
0.003826
0.003924
0.003848
0.003100
0.003963
0.003398
0.002939
0.003647
0.004113
0.004136
0.003540
0.003458
0.004192
0.003480
0.003932
0.004675
0.004113
0.003336
0.003770
0.004006
0.003601
0.003413
0.004057
0.002936
0.003083
0.003302
0.002856
0.004107
0.003719
0.003665
0.003424
0.004539
0.004048
0.003926
0.004045
0.004304
0.003747
0.003403
0.003834
0.004023
0.003489
0.003598
0.002727
0.003940
0.003985
0.003480
0.003627
0.004349
0.003299
0.003460
0.004172
0.003234
0.003569
0.003797
0.004643
0.003151
0.003765
0.002863
0.003165
0.003394
0.004047
0.004111
0.004820
0.003150
0.003302
0.002921
0.003260
0.003040
0.003220
0.002518
0.003477
0.003663
0.003690
0.003501
0.003493
0.004231
0.003992
0.004079
0.004364
0.003910
0.004282
0.004141
0.003097
0.003897
0.003675
0.002682
0.003685
0.003617
0.004130
0.003659
0.004104
0.003318
0.003439
0.003653
0.003449
0.003223
0.004064
0.003032
0.002890
0.003098
0.003810
0.004210
0.002889
0.004940
0.002911
0.003736
0.003177
0.003268
0.002569
0.003776
0.003827
0.003485
0.004114
0.003422
0.002894
0.003073
0.003931
0.003732
0.003853
0.003088
0.004692
0.003816
0.003674
0.003323
0.004266
0.002719
0.002585
0.004090
0.004100
0.004325
0.003859
0.003279
0.004607
0.003790
0.002775
0.003521
0.003246
0.003047
0.003117
0.004186
0.003118
0.003725
0.003000
0.003653
0.003358
0.004327
0.003695
0.003425
0.002747
0.004162
0.003399
0.003157
0.003999
0.004052
0.004222
0.004042
0.003359
0.004112
0.003449
0.003847
0.003845
0.003770
0.004061
0.004054
0.003756
0.004160
0.003751
0.003904
0.003955
0.003821
0.004402
0.003781
0.004438
0.003283
0.004391
0.003012
0.003391
0.003437
0.003462
0.003706
0.004490
0.004404
0.003960
0.003101
0.003611
0.004083
0.004319
0.004134
0.002486
0.003432
0.004159
0.002838
0.003733
0.002954
0.003852
0.003726
0.004081
0.003672
0.003869
0.003513
0.003732
0.003461
0.003464
0.003661
0.004843
0.004238
0.004710
0.003126
0.003490
0.003877
0.003275
0.003707
0.004451
0.003554
0.003760
0.003569
0.003464
0.004119
