0.004055
0.003585
0.003961
0.003982
0.003569
0.003958
0.004999
0.004972
0.004666
0.003158
0.003775
0.003148
0.003200
0.004104
0.003294
0.003139
0.003957
0.003376
0.003187
0.003351
0.003851
0.003774
0.003565
0.004439
0.003212
0.004452
0.003778
0.003269
0.003737
0.003163
0.003225
0.003416
0.003135
0.003364
0.003391
0.003565
0.003905
0.003611
0.004027
0.003898
0.003188
0.004326
0.003649
0.003822
0.004085
0.003183
0.003429
0.003323
0.003063
0.003533
0.004425
0.004570
0.003131
0.003070
0.004035
0.003135
0.003827
0.004196
0.003500
0.003926
0.003693
0.005024
0.003531
0.004432
0.003372
0.003447
0.003598
0.004339
0.003280
0.003147
0.003125
0.003291
0.004424
0.003581
0.004117
0.003626
0.004403
0.004199
0.004728
0.003567
0.004469
0.003213
0.003454
0.003950
0.004467
0.003944
0.004097
0.003348
0.003556
0.003195
0.003383
0.004028
0.003572
0.004032
0.003205
0.003117
0.003580
0.004426
0.003566
0.003847
0.003115
0.003217
0.004093
0.003152
0.003329
0.004332
0.003093
0.003662
0.004225
0.003043
0.003196
0.003157
0.003356
0.003878
0.004391
0.003368
0.003590
0.003804
0.003566
0.003992
0.003211
0.003593
0.004321
0.003963
0.003466
0.003693
0.004074
0.003114
0.003808
0.004255
0.003866
0.005173
0.003537
0.004231
0.003855
0.003181
0.003956
0.003147
0.003786
0.002987
0.003928
0.004788
0.003196
0.003959
0.003144
0.003149
0.003502
0.003292
0.003796
0.004149
0.003643
0.003829
0.003612
0.003178
0.003237
0.004056
0.003167
0.003561
0.004154
0.003989
0.004484
0.003594
0.003168
0.003638
0.003620
0.004393
0.004172
0.003262
0.003150
0.003950
0.003922
0.004025
0.003237
0.003625
0.003436
0.003165
0.003329
0.003182
0.003067
0.003175
0.003148
0.003878
0.004412
0.003859
0.003778
0.003251
0.003721
0.003574
0.003769
0.003512
0.003824
0.003530
0.004076
0.003617
0.003210
0.004059
0.003122
0.003218
0.004038
0.003574
0.003789
0.003086
0.004083
0.003539
0.003260
0.004196
0.004026
0.002210
0.002071
0.003731
0.003201
0.003254
0.003953
0.003548
0.003161
0.003215
0.003213
0.003230
0.003226
0.003152
0.004249
0.003019
0.003140
0.003538
0.004445
0.004376
0.003340
0.003917
0.004360
0.003108
0.004147
0.003448
0.003411
0.003503
0.003781
0.003421
0.003157
0.003242
0.003117
0.003185
0.003281
0.003118
0.003444
0.003204
0.003610
0.004309
0.003426
0.004073
0.003332
0.003064
0.002964
0.003960
0.003392
0.004376
0.004046
0.003189
0.003316
0.003924
0.003548
0.003602
0.004169
0.003559
0.004092
0.003075
0.003200
0.003339
0.002984
0.003559
0.004083
0.003286
0.003178
0.003256
0.003513
0.004513
0.003142
0.003334
0.003785
0.003579
0.003717
0.003306
0.003503
0.003111
0.003139
0.003588
0.003803
0.003507
0.003868
0.003574
0.003230
0.003575
0.003207
0.003258
0.003228
0.003613
0.003829
0.003523
0.004251
0.003199
0.003301
0.003531
0.004418
0.004000
0.003548
0.004779
0.003645
0.004145
0.003591
0.004434
0.003691
0.004572
0.003899
0.003671
0.004269
0.003913
0.004039
0.003597
0.003799
0.004065
0.004220
0.004396
0.004427
0.003360
0.005020
0.003248
0.003608
0.003736
0.004314
0.003127
0.003355
0.003809
0.003579
0.003995
0.003596
0.003769
0.003612
0.004055
0.003408
0.004261
0.003888
0.003245
0.003349
0.004158
0.003921
0.003436
0.003424
0.003552
0.003692
0.004200
0.004326
0.003150
0.003151
0.004121
0.003238
0.003233
0.003966
0.003461
0.003018
0.003221
0.003107
0.004041
0.004006
0.003782
0.003576
0.004013
0.003866
0.003812
0.003742
0.004065
0.004198
0.003072
0.004184
0.003116
0.003332
0.003374
0.003978
0.003168
0.003406
0.003854
0.004023
0.003356
0.003987
0.003568
0.004169
0.003259
0.003616
0.004063
0.004241
0.003137
0.003728
0.003260
0.003197
0.003359
0.004028
0.003256
0.003966
0.003593
0.004078
0.003562
0.004124
0.004935
0.003852
0.005087
0.005007
0.003550
0.003041
0.004174
0.004466
0.003179
0.003776
0.004066
0.003883
0.003957
0.003377
0.003844
0.003021
0.003972
0.003194
0.004012
0.003508
0.003251
0.003577
0.003087
0.003340
0.003334
0.003121
0.004008
0.003160
0.003368
0.003829
0.003203
0.004003
0.003223
0.003204
0.003423
0.003349
0.003490
0.003540
0.003189
0.003266
0.003243
0.003237
0.003146
0.003624
0.004524
0.003750
0.004204
0.003834
0.004669
0.004381
0.003368
0.003534
0.003038
0.003464
0.003896
0.003559
0.004154
0.003445
0.003065
0.004373
0.003207
0.004203
0.004383
0.003130
0.003452
0.003630
0.004416
0.003180
0.004423
0.003114
0.003202
0.004027
0.004399
0.003174
0.004002
0.004585
0.003479
0.004094
0.004273
0.003260
0.003359
0.003900
0.004662
0.003374
0.003734
0.003167
0.003476
0.003355
0.003180
0.003090
0.003971
0.003250
0.003141
0.003310
0.003893
0.003979
0.003031
0.003832
0.003263
0.003146
0.004023
0.003807
0.004270
0.003212
0.002734
0.004629
0.003883
0.004412
0.004108
0.003546
0.003446
0.004151
0.004310
0.002931
0.003511
0.002960
0.003372
0.003941
0.003656
0.003530
0.003287
0.002400
0.003588
0.003486
0.003463
0.003243
0.003196
0.003077
0.004434
0.003180
0.002655
0.003140
0.003461
0.002994
0.003457
0.003017
0.001725
0.003247
0.003107
0.002734
0.003193
0.003382
0.001790
0.003976
0.004074
0.004704
0.003453
0.002138
0.001941
0.004086
0.003328
0.003552
0.002924
0.004488
0.004483
0.003041
0.002398
0.004103
0.003400
0.002611
0.004189
0.004626
0.003501
0.003352
0.004908
0.003788
0.003514
0.001855
0.003550
0.004067
0.004435
0.004635
0.004314
0.003952
0.003579
0.003680
0.003187
0.003989
0.002835
0.004359
0.003956
0.003066
0.002692
0.003337
0.004148
0.003447
0.003508
0.002929
0.003912
0.002000
0.002840
0.003979
0.003551
0.003363
0.003269
0.002742
0.004185
0.001820
0.004379
0.004855
0.004606
0.004323
0.004486
0.004463
0.004132
0.004388
0.004123
0.003268
0.004247
0.002814
0.003009
0.002885
0.003971
0.003391
0.003066
0.003144
0.003400
0.003977
0.004648
0.004198
0.003142
0.004602
0.004169
0.004274
0.004231
0.003601
0.003553
0.003532
0.003542
0.003272
0.002889
0.003301
0.003876
0.003761
0.006029
0.003808
0.003922
0.003680
0.003866
0.003835
0.002714
0.002790
0.004005
0.004017
0.003997
0.003783
0.003549
0.003977
0.003742
0.003603
0.003285
0.004072
0.003167
0.003375
0.003720
0.003767
0.003477
0.001997
0.003506
0.003555
0.003810
0.001838
0.004287
0.004501
0.004971
0.003555
0.003746
0.003737
0.002819
0.003470
0.003885
0.003663
0.002939
0.003459
0.002836
0.004584
0.003152
0.003509
0.003770
0.004285
0.003549
0.003396
0.003913
0.003708
0.003353
0.003219
0.004506
0.003386
0.003129
0.003582
0.004181
0.004291
0.003575
0.003895
0.002799
0.003097
0.002993
0.004017
0.004033
0.003447
0.004208
0.003762
0.003565
0.004186
0.003294
0.002978
0.003853
0.003514
0.003151
0.002386
0.005042
0.005062
0.003344
0.002445
0.004071
0.004027
0.003536
0.003671
0.004733
0.002264
0.003695
0.004318
0.003359
0.002705
0.003388
0.003876
0.003371
0.003323
0.002359
0.004290
0.002961
0.003966
0.004215
0.002916
0.003577
0.003568
0.003600
0.002332
0.003894
0.004324
0.003171
0.002669
0.004254
0.004277
0.003511
0.003089
0.004390
0.003987
0.003357
0.004027
0.003963
0.003779
0.004871
0.003490
0.003521
0.004018
0.003869
0.004123
0.004417
0.003918
0.003956
0.003558
0.002841
0.003666
0.003906
0.004048
0.004334
0.003618
0.003751
0.003913
0.003537
0.003526
0.003541
0.003501
0.004337
0.004016
0.003787
0.003953
0.004953
0.003875
0.003120
0.003907
0.003262
0.002721
0.003727
0.003295
0.004554
0.004513
0.003363
0.004063
0.003785
0.003201
0.003691
0.003144
0.004361
0.003486
0.003897
0.003873
0.003811
0.004375
0.003495
0.002284
0.002375
0.003409
0.004009
0.003045
0.003799
0.003565
0.004374
0.004012
0.004763
0.003572
0.004050
0.003574
0.003003
0.003780
0.004244
0.004029
0.003916
0.004041
0.003555
0.003549
0.004126
0.004301
0.003130
0.003774
0.004305
0.003909
0.003337
0.002644
0.004326
0.003741
0.004472
0.004632
0.003418
0.002965
0.002953
0.004440
0.003275
0.003471
0.003223
0.003538
0.003368
0.003234
0.004367
0.003246
0.003198
0.003651
0.002959
0.003989
0.003485
0.003546
0.002922
0.005234
0.003507
0.003845
0.002749
0.002848
0.003598
0.004153
0.004122
0.003563
0.003461
0.002722
0.003107
0.003901
0.003783
0.004258
0.003158
0.004283
0.004041
0.004136
0.003028
0.002956
0.003498
0.003569
0.003972
0.003364
0.004582
0.003146
0.003580
0.003156
0.004429
0.004593
0.003472
0.004365
0.003528
0.004138
0.004859
0.003520
0.004345
0.003651
0.004325
0.004004
0.004039
0.003480
0.002722
0.002694
0.003490
0.003283
0.003370
0.004241
0.003184
0.003550
0.003964
0.004164
0.003664
0.003200
0.003474
0.003662
0.003720
0.003127
0.003453
0.004245
0.003670
0.003503
0.003168
0.003764
0.004171
0.003585
0.003779
0.004556
0.003231
0.003098
0.004261
0.004197
0.002136
0.002136
0.002729
0.003911
0.003160
0.003904
0.004031
0.003930
0.004328
0.002152
0.004006
0.003290
0.003449
0.003169
0.003575
0.004304
0.003978
0.003734
0.004733
0.004308
0.004280
0.003679
0.003659
0.001770
0.004603
0.004403
0.003673
0.004454
0.003006
0.003732
0.003935
0.003134
0.003965
0.003270
0.004005
0.004047
0.004570
0.003827
0.003974
0.003284
0.001750
0.003549
0.004648
0.003310
0.002631
0.003036
0.002122
0.003743
0.003241
0.004081
0.001996
0.003480
0.004568
0.004295
0.003566
0.003332
0.004225
0.003569
0.003138
0.004026
0.003495
0.003572
0.003712
0.003509
0.002667
0.002686
0.004378
0.003479
0.003399
0.004104
0.003666
0.003383
0.003408
0.002809
0.003724
