0.003215
0.002534
0.003078
0.002354
0.003107
0.002423
0.003148
0.002809
0.002963
0.003031
0.003095
0.003056
0.003423
0.003385
0.002504
0.003047
0.002595
0.003121
0.003564
0.003034
0.003030
0.003602
0.002741
0.003105
0.002705
0.003409
0.002347
0.003264
0.002439
0.003019
0.002628
0.003008
0.003040
0.002974
0.003811
0.003870
0.003536
0.003321
0.002580
0.003159
0.003255
0.002534
0.003130
0.003340
0.003146
0.003019
0.002567
0.003681
0.003033
0.003321
0.003611
0.003157
0.002959
0.002461
0.003165
0.003017
0.003309
0.002559
0.002325
0.002995
0.002735
0.002574
0.003988
0.002503
0.003567
0.002604
0.003641
0.003112
0.003605
0.003282
0.003332
0.003204
0.002807
0.003767
0.002608
0.003728
0.003084
0.003083
0.003598
0.002633
0.003088
0.003073
0.002562
0.003135
0.002930
0.002681
0.003071
0.003705
0.002297
0.002954
0.003379
0.003047
0.002572
0.003373
0.003623
0.002870
0.002627
0.003087
0.003627
0.003152
0.003289
0.002430
0.003041
0.003034
0.002548
0.003511
0.003000
0.002981
0.003120
0.002909
0.002640
0.002935
0.002869
0.003360
0.002591
0.003485
0.003040
0.003157
0.003108
0.002943
0.002315
0.002866
0.003430
0.003006
0.002971
0.003647
0.003047
0.003670
0.002757
0.003034
0.002581
0.002521
0.002433
0.002963
0.002966
0.002804
0.002675
0.003004
0.003280
0.002687
0.002605
0.003397
0.003335
0.002734
0.002980
0.003674
0.003040
0.002383
0.002981
0.003176
0.002923
0.003253
0.003911
0.002564
0.002585
0.002723
0.003613
0.003599
0.003413
0.003248
0.002548
0.003395
0.003039
0.002835
0.002450
0.003106
0.003113
0.003662
0.003053
0.003016
0.002635
0.002456
0.002953
0.002637
0.002700
0.003332
0.002988
0.004535
0.003634
0.002823
0.003302
0.002831
0.002309
0.003176
0.003068
0.003078
0.002434
0.003108
0.003432
0.002734
0.003844
0.003524
0.003754
0.003151
0.002320
0.003038
0.003441
0.003154
0.002388
0.002978
0.002772
0.002380
0.002965
0.002639
0.002959
0.003039
0.003308
0.003417
0.002666
0.002686
0.003059
0.002698
0.003616
0.003030
0.003128
0.002732
0.002839
0.003098
0.002729
0.002779
0.002762
0.003324
0.003002
0.002823
0.002983
0.002685
0.002572
0.002620
0.002695
0.002637
0.002250
0.003109
0.002597
0.003283
0.002907
0.002952
0.003141
0.002843
0.002636
0.002937
0.002933
0.003116
0.003617
0.003132
0.003233
0.002590
0.002515
0.002465
0.003362
0.003029
0.003211
0.003274
0.002457
0.002760
0.003043
0.001564
0.001473
0.002698
0.002644
0.002699
0.003640
0.003719
0.002901
0.003923
0.003900
0.002752
0.002572
0.002693
0.002680
0.002567
0.003534
0.003561
0.003076
0.002672
0.002550
0.003478
0.003750
0.003479
0.002556
0.003692
0.002475
0.003688
0.003129
0.003384
0.003174
0.002498
0.002965
0.003723
0.002664
0.002809
0.003008
0.003023
0.002647
0.003262
0.003564
0.002788
0.003204
0.002326
0.003659
0.002549
0.002793
0.003204
0.002596
0.002472
0.003019
0.003024
0.002583
0.002979
0.003491
0.003786
0.003475
0.003147
0.003360
0.002999
0.003415
0.002990
0.002354
0.002566
0.002568
0.002831
0.002448
0.002548
0.002609
0.003705
0.003387
0.003247
0.003607
0.002682
0.003675
0.003682
0.003628
0.003279
0.003504
0.003248
0.002829
0.002945
0.003489
0.002560
0.003740
0.002480
0.002585
0.003081
0.003269
0.002941
0.003445
0.003434
0.003119
0.003462
0.002756
0.002563
0.002595
0.003258
0.002447
0.003225
0.003010
0.003110
0.003134
0.002919
0.003580
0.003478
0.003573
0.003066
0.002570
0.002739
0.003034
0.002996
0.002545
0.002933
0.003410
0.004163
0.003156
0.002380
0.003284
0.002532
0.002990
0.002407
0.004399
0.002825
0.003949
0.003331
0.003161
0.003554
0.004178
0.003194
0.002490
0.003210
0.002754
0.003667
0.003111
0.002589
0.002984
0.002691
0.002376
0.002679
0.002988
0.003200
0.002572
0.002302
0.003271
0.002646
0.002641
0.003799
0.002860
0.003708
0.003067
0.002559
0.003056
0.002498
0.003230
0.002841
0.003002
0.002599
0.003680
0.003006
0.002729
0.002697
0.003613
0.003618
0.003944
0.003595
0.003033
0.001807
0.003545
0.003177
0.003076
0.003042
0.003749
0.002658
0.002563
0.003111
0.002559
0.002485
0.003367
0.003033
0.003747
0.002689
0.002997
0.002658
0.003394
0.003587
0.003579
0.003588
0.002638
0.002985
0.003407
0.002657
0.002537
0.002792
0.002874
0.002542
0.003335
0.002602
0.003058
0.003029
0.002867
0.003284
0.002802
0.003744
0.002418
0.003251
0.002990
0.003105
0.004499
0.002572
0.003839
0.002734
0.003818
0.002533
0.003650
0.002413
0.003261
0.003215
0.003132
0.003120
0.002603
0.003428
0.004004
0.003440
0.003038
0.003646
0.003156
0.002581
0.003549
0.003523
0.003555
0.003640
0.003931
0.003848
0.003695
0.003703
0.003551
0.002613
0.003004
0.002864
0.003046
0.002954
0.003068
0.002987
0.002848
0.002333
0.002747
0.002739
0.001912
0.003157
0.003617
0.003379
0.003448
0.002481
0.003159
0.002762
0.003337
0.002656
0.003219
0.002797
0.003745
0.002671
0.003663
0.003405
0.003443
0.002705
0.003148
0.003866
0.002381
0.002926
0.002655
0.002799
0.002576
0.003160
0.002659
0.002898
0.003653
0.003213
0.002312
0.003175
0.003374
0.003217
0.002794
0.003479
0.003181
0.003160
0.003583
0.003492
0.003007
0.003454
0.002727
0.002365
0.004142
0.003392
0.003392
0.003422
0.003897
0.002124
0.003205
0.002563
0.003588
0.002999
0.003540
0.003590
0.003133
0.003279
0.003275
0.003570
0.003641
0.003340
0.002732
0.003380
0.003552
0.003500
0.002513
0.002641
0.002993
0.003190
0.003116
0.003776
0.003347
0.003072
0.003093
0.003493
0.002918
0.004141
0.003377
0.002621
0.003125
0.002380
0.003765
0.002493
0.002667
0.002762
0.002980
0.003769
0.003654
0.003181
0.002992
0.003206
0.003345
0.003577
0.003300
0.004537
0.003621
0.002484
0.003595
0.003337
0.003445
0.003245
0.002909
0.002656
0.003275
0.003746
0.002889
0.003221
0.003357
0.002662
0.002587
0.002665
0.003289
0.003531
0.002950
0.002948
0.002778
0.003421
0.002919
0.002757
0.003313
0.003260
0.002832
0.003296
0.002780
0.002355
0.002262
0.003307
0.003031
0.002707
0.002585
0.004284
0.003758
0.002867
0.003889
0.002907
0.003811
0.003457
0.002580
0.003107
0.002874
0.002910
0.002484
0.003407
0.002355
0.003401
0.002814
0.003252
0.002641
0.003981
0.003237
0.003312
0.004107
0.002596
0.002805
0.003619
0.003418
0.003592
0.003469
0.003650
0.003416
0.003522
0.003750
0.003297
0.003651
0.003432
0.002550
0.002605
0.003618
0.003201
0.002927
0.002540
0.003853
0.003101
0.002563
0.004086
0.002891
0.002948
0.003347
0.002675
0.002961
0.003093
0.002348
0.002437
0.003457
0.002734
0.002927
0.002446
0.003751
0.002942
0.002933
0.003613
0.003314
0.003960
0.002558
0.002375
0.003477
0.003246
0.002612
0.002884
0.003146
0.003588
0.002080
0.002835
0.003060
0.002996
0.003421
0.002472
0.003321
0.002507
0.003259
0.003393
0.003251
0.003525
0.002528
0.002957
0.003369
0.003396
0.002849
0.003562
0.002999
0.003015
0.002497
0.003062
0.003015
0.002394
0.002791
0.002766
0.002567
0.003100
0.002454
0.002485
0.002698
0.003197
0.003036
0.003341
0.003215
0.003529
0.003049
0.003579
0.002953
0.003262
0.003129
0.003172
0.003082
0.002989
0.003287
0.003472
0.002976
0.002304
0.003456
0.003074
0.002495
0.003081
0.002780
0.002767
0.003487
0.004587
0.003082
0.002525
0.003113
0.002496
0.003477
0.003134
0.002499
0.003525
0.002491
0.003137
0.002648
0.003172
0.002810
0.003620
0.002687
0.003053
0.003126
0.003307
0.003193
0.003382
0.003384
0.003383
0.003527
0.003522
0.003170
0.003242
0.003353
0.003143
0.002542
0.003167
0.003109
0.004103
0.003871
0.002587
0.003426
0.002477
0.003218
0.003356
0.002980
0.003408
0.003040
0.003639
0.002674
0.003789
0.003506
0.002664
0.002433
0.003030
0.002764
0.003291
0.002650
0.003234
0.003231
0.002538
0.002522
0.003319
0.003314
0.002672
0.003012
0.003398
0.003523
0.003084
0.003183
0.003618
0.003459
0.003217
0.002533
0.003048
0.002479
0.003643
0.003257
0.003108
0.002735
0.003085
0.003205
0.003123
0.003030
0.003596
0.002442
0.003215
0.003584
0.002652
0.004120
0.003307
0.003036
0.002905
0.003308
0.003163
0.003227
0.003088
0.002707
0.002649
0.002851
0.002850
0.002504
0.003156
0.002524
0.003599
0.003627
0.002839
0.002493
0.003625
0.002803
0.003157
0.002455
0.003028
0.003366
0.003317
0.003137
0.003622
0.003213
0.003469
0.002509
0.002926
0.002543
0.002359
0.003008
0.003183
0.002549
0.003010
0.002393
0.003435
0.003251
0.003304
0.003291
0.003302
0.003194
0.002483
0.003237
0.003282
0.003099
0.003798
0.002741
0.002766
0.003597
0.003567
0.002712
0.003574
0.003270
0.003653
0.003150
0.003267
0.003163
0.002545
0.004918
0.003247
0.003544
0.003350
0.003436
0.003379
0.003080
0.002612
0.003074
0.003792
0.002469
0.002536
0.003306
0.002739
0.003112
0.002778
0.003079
0.003325
0.003427
0.003546
0.003308
0.003267
0.003696
0.003106
0.003428
0.003393
0.002488
0.003178
0.003265
0.002825
0.003407
0.003323
0.003302
0.003103
0.002542
0.002609
0.003208
0.003257
0.003295
0.003296
0.002485
0.002627
0.003470
0.002628
0.003173
0.003765
0.002543
0.003963
0.003354
0.002900
0.003444
0.003443
0.002914
0.003181
0.003681
0.003209
0.002652
0.004527
0.003525
0.002679
0.003629
0.003293
0.003054
0.003195
0.002503
0.003019
0.003377
0.003035
0.003454
0.003345
0.003108
0.003370
0.003223
0.003786
0.003298
0.002403
0.002702
0.003278
0.003340
0.003128
0.003325
0.002648
0.003757
0.002739
0.003405
0.002858
0.003280
0.003619
0.003205
0.003066
0.002406
0.002759
0.002606
0.003171
0.003223
0.003509
