0.002891
0.002240
0.002443
0.002420
0.002231
0.002380
0.002419
0.002437
0.002494
0.002403
0.002407
0.002356
0.003483
0.002431
0.002878
0.002417
0.002439
0.002351
0.002392
0.002429
0.002334
0.002355
0.002933
0.002909
0.002648
0.002877
0.002339
0.002486
0.002367
0.003074
0.002406
0.002379
0.002203
0.002211
0.002938
0.002912
0.002397
0.002339
0.002685
0.002196
0.002367
0.002495
0.002449
0.002476
0.002284
0.002937
0.002951
0.002225
0.002202
0.002313
0.002604
0.002254
0.002406
0.002196
0.002374
0.002419
0.002475
0.002459
0.002389
0.002451
0.002491
0.002352
0.002427
0.002230
0.002412
0.002248
0.002382
0.002995
0.002221
0.002447
0.002443
0.002262
0.002409
0.002496
0.002284
0.002436
0.002436
0.002448
0.002346
0.002444
0.002348
0.002363
0.002454
0.002448
0.002441
0.002441
0.002354
0.002430
0.002425
0.002448
0.002221
0.002346
0.002362
0.002215
0.002165
0.002333
0.002440
0.002386
0.002945
0.002405
0.002323
0.003065
0.002585
0.002994
0.002998
0.002433
0.002379
0.002482
0.002363
0.002489
0.002419
0.002331
0.002907
0.002209
0.002751
0.003096
0.002931
0.002691
0.002530
0.002435
0.002515
0.002370
0.002925
0.002214
0.003651
0.002751
0.002925
0.002604
0.002409
0.002428
0.002349
0.002396
0.003205
0.002470
0.002387
0.002415
0.002145
0.002467
0.002444
0.002360
0.002467
0.002309
0.002412
0.002947
0.002984
0.002232
0.002416
0.002459
0.002448
0.002365
0.002396
0.002438
0.002412
0.002506
0.002644
0.002442
0.002398
0.002623
0.002295
0.002965
0.003782
0.002923
0.002165
0.003937
0.002506
0.002257
0.002174
0.002493
0.002922
0.002439
0.002289
0.002902
0.002294
0.002352
0.002493
0.002442
0.002972
0.002785
0.002590
0.002809
0.002314
0.002177
0.002393
0.002634
0.003112
0.002144
0.002412
0.002468
0.002450
0.002302
0.002413
0.002442
0.002245
0.003234
0.002929
0.002620
0.002413
0.002431
0.002420
0.002458
0.002677
0.002239
0.002446
0.002773
0.002460
0.002382
0.002624
0.002420
0.002376
0.002471
0.002371
0.002205
0.003180
0.002331
0.002341
0.002464
0.003652
0.003120
0.002918
0.003220
0.002434
0.002545
0.002455
0.002302
0.002268
0.002465
0.002330
0.002410
0.002473
0.002299
0.002209
0.002207
0.002409
0.002177
0.002504
0.002440
0.002453
0.002465
0.002393
0.003012
0.002256
0.002465
0.002443
0.002646
0.002342
0.002453
0.003662
0.003151
0.002429
0.002522
0.002305
0.002456
0.002875
0.002408
0.002268
0.002310
0.002448
0.002390
0.002406
0.002514
0.002507
0.002457
0.002335
0.002479
0.002422
0.002241
0.002435
0.002189
0.002906
0.002430
0.002379
0.002392
0.002960
0.002377
0.002418
0.002460
0.002494
0.002351
0.002518
0.002605
0.002688
0.002970
0.002891
0.003073
0.002913
0.002969
0.002473
0.002228
0.002324
0.002448
0.002467
0.002389
0.002624
0.002259
0.002467
0.002326
0.002234
0.002525
0.002429
0.002441
0.002218
0.002791
0.002741
0.002356
0.002887
0.002428
0.002422
0.002986
0.002416
0.002455
0.002970
0.002279
0.002358
0.002407
0.002454
0.002454
0.002628
0.002447
0.002491
0.002431
0.002335
0.002428
0.002448
0.002480
0.002424
0.002432
0.002443
0.002875
0.002475
0.002251
0.003140
0.002243
0.002383
0.002633
0.002395
0.002260
0.002315
0.003051
0.002515
0.002456
0.002347
0.002359
0.002276
0.003244
0.002483
0.002329
0.002275
0.002945
0.002280
0.002354
0.003020
0.002448
0.002295
0.002250
0.002434
0.002365
0.002340
0.002910
0.002482
0.002639
0.003026
0.002456
0.002374
0.002467
0.002912
0.002502
0.002378
0.002440
0.002369
0.002376
0.002465
0.002452
0.002451
0.003011
0.002231
0.002347
0.002322
0.002443
0.002606
0.002315
0.002404
0.002149
0.002239
0.002407
0.002460
0.002430
0.002545
0.002442
0.002498
0.003124
0.002358
0.002311
0.002433
0.002424
0.002441
0.002240
0.002457
0.002457
0.002355
0.002452
0.002255
0.002511
0.003139
0.002586
0.003070
0.002415
0.002461
0.002508
0.002344
0.002238
0.002347
0.002678
0.002417
0.002407
0.002886
0.003035
0.002156
0.002373
0.002384
0.002959
0.003037
0.002908
0.002421
0.002307
0.002898
0.002131
0.003749
0.003338
0.002944
0.002439
0.002424
0.002264
0.002465
0.003115
0.002464
0.002133
0.002444
0.002440
0.002421
0.002446
0.002280
0.002435
0.002240
0.002451
0.002425
0.002408
0.002463
0.002512
0.002553
0.002458
0.003587
0.002285
0.002496
0.002280
0.002375
0.002346
0.002164
0.002339
0.002253
0.002946
0.002287
0.002389
0.002305
0.002592
0.002364
0.002285
0.002436
0.002450
0.002230
0.002466
0.002304
0.002458
0.002480
0.002488
0.003082
0.002453
0.002603
0.002470
0.002444
0.002282
0.003320
0.002451
0.002389
0.002629
0.002433
0.002356
0.002460
0.002412
0.002934
0.002292
0.002364
0.002162
0.002444
0.002626
0.002301
0.002439
0.002507
0.002408
0.002928
0.002214
0.002329
0.002239
0.002400
0.002967
0.002403
0.002304
0.002433
0.001503
0.002313
0.002432
0.002333
0.001809
0.001824
0.001818
0.002286
0.001721
0.002487
0.002301
0.001914
0.002144
0.002393
0.001781
0.002407
0.002455
0.002345
0.002661
0.001736
0.002360
0.001732
0.002446
0.001784
0.002369
0.002452
0.003291
0.002462
0.001751
0.001800
0.002086
0.001771
0.002131
0.001764
0.002889
0.002312
0.002356
0.002347
0.002457
0.003439
0.002305
0.002264
0.002380
0.002733
0.002070
0.002287
0.002460
0.002433
0.002393
0.003072
0.002282
0.001275
0.001805
0.003909
0.001774
0.002364
0.002315
0.002355
0.002105
0.002299
0.002546
0.001772
0.002356
0.002350
0.002226
0.002398
0.002305
0.002489
0.002158
0.001771
0.002460
0.002350
0.001770
0.003078
0.002299
0.002034
0.002255
0.002351
0.002215
0.001770
0.002508
0.002850
0.002183
0.002067
0.002217
0.002956
0.003035
0.002160
0.002392
0.002924
0.001763
0.002661
0.002399
0.002412
0.002387
0.001798
0.001741
0.002184
0.002319
0.002740
0.002350
0.001800
0.002365
0.001786
0.002164
0.002595
0.001382
0.002733
0.002053
0.002002
0.002419
0.002255
0.002456
0.002923
0.004099
0.001770
0.002884
0.002828
0.002250
0.001710
0.002366
0.002214
0.002222
0.002296
0.001187
0.002259
0.002465
0.001837
0.002407
0.002332
0.002258
0.002059
0.002156
0.002684
0.001782
0.002395
0.002358
0.002382
0.002396
0.002389
0.002325
0.003014
0.002244
0.002464
0.002320
0.001792
0.002297
0.001739
0.002995
0.001834
0.003191
0.002383
0.002178
0.002150
0.002295
0.002412
0.002472
0.003068
0.002209
0.003146
0.002820
0.001777
0.001748
0.002400
0.002672
0.002406
0.002186
0.001776
0.002416
0.002162
0.003222
0.002422
0.001738
0.002360
0.002454
0.002658
0.002299
0.002457
0.002254
0.001906
0.001764
0.002194
0.002691
0.002999
0.001883
0.002164
0.002366
0.002386
0.002388
0.002590
0.001744
0.003005
0.002973
0.002144
0.002374
0.002192
0.003195
0.002388
0.001774
0.002827
0.002288
0.002390
0.002184
0.002456
0.002373
0.002608
0.002324
0.001607
0.002997
0.002492
0.002152
0.002352
0.002942
0.002232
0.001713
0.002372
0.002249
0.002415
0.002344
0.002369
0.002151
0.003134
0.003077
0.004104
0.002385
0.001579
0.003036
0.002170
0.001654
0.002161
0.002328
0.002405
0.002199
0.002438
0.002480
0.003122
0.004100
0.002929
0.002256
0.002321
0.003536
0.002437
0.002442
0.002297
0.002368
0.002198
0.002294
0.002897
0.001644
0.003026
0.002526
0.002467
0.003153
0.002306
0.003019
0.002349
0.002378
0.002984
0.002407
0.002352
0.001636
0.002235
0.002200
0.003302
0.001606
0.002367
0.002452
0.001620
0.003029
0.002596
0.001572
0.002273
0.002348
0.001703
0.002450
0.002351
0.003060
0.002192
0.004091
0.003499
0.002103
0.002169
0.001686
0.002227
0.002449
0.002788
0.002244
0.002127
0.002346
0.002242
0.002201
0.002391
0.002509
0.001670
0.002435
0.002311
0.001543
0.002497
0.002989
0.002431
0.002310
0.002211
0.002396
0.002417
0.003183
0.002865
0.002168
0.002244
0.002375
0.002465
0.002389
0.002923
0.002271
0.002456
0.002264
0.002459
0.002461
0.002231
0.002952
0.002535
0.002473
0.002412
0.003066
0.003122
0.002330
0.002396
0.002819
0.002483
0.002857
0.003082
0.002345
0.002232
0.002246
0.003006
0.002903
0.002389
0.003117
0.002400
0.002451
0.002213
0.002174
0.002520
0.001577
0.002289
0.002323
0.001684
0.002507
0.002425
0.002588
0.001625
0.002442
0.002482
0.002231
0.002434
0.002381
0.001590
0.003222
0.002167
0.002844
0.002459
0.002425
0.002363
0.002540
0.002444
0.002403
0.002228
0.001750
0.002993
0.001556
0.002452
0.002161
0.002211
0.002474
0.002410
0.002432
0.002757
0.002403
0.002114
0.002391
0.002343
0.002041
0.001633
0.002402
0.002466
0.001674
0.002309
0.001651
0.002405
0.002292
0.002266
0.003048
0.002412
0.002356
0.002333
0.002413
0.001576
0.002608
0.002411
0.002165
0.003078
0.002440
0.003179
0.001701
0.002861
0.002825
0.002181
0.002453
0.002251
0.002943
0.004402
0.003088
0.003018
0.002470
0.002195
0.002302
0.002425
0.002366
0.002397
0.002343
0.002708
0.002922
0.002434
0.002399
0.002357
0.001650
0.002241
0.002337
0.001633
0.002331
0.002444
0.002277
0.001663
0.002448
0.003140
0.002394
0.002492
0.002394
0.002894
0.002245
0.002158
0.002260
0.003079
0.002145
0.001430
0.002158
0.003396
0.003303
0.002489
0.003764
0.002454
0.002185
0.002245
0.002007
0.002136
0.002220
0.001641
0.002155
0.001540
0.002456
0.002245
0.002492
0.002598
0.002526
0.002349
0.001654
0.003027
0.002325
0.002472
0.001633
0.002434
0.001653
0.002871
0.003012
0.002397
0.002453
0.001591
0.002448
0.002409
0.002431
0.003161
0.002453
0.002337
0.002636
0.002953
0.002432
0.002877
0.002549
0.002763
0.002458
0.002365
0.002403
0.002946
0.003162
