0.002756
0.003023
0.002640
0.003388
0.003251
0.003250
0.002745
0.003293
0.002586
0.003354
0.002518
0.003217
0.003006
0.002867
0.002494
0.003090
0.003606
0.003346
0.003298
0.002745
0.003302
0.003271
0.002846
0.002706
0.002483
0.003262
0.003284
0.002662
0.003232
0.003487
0.003199
0.003183
0.002785
0.003256
0.003518
0.002976
0.002837
0.003266
0.003281
0.003296
0.003265
0.002984
0.003419
0.002978
0.003564
0.002706
0.002655
0.002557
0.003118
0.003282
0.003249
0.003241
0.003117
0.003247
0.002472
0.002931
0.002414
0.003233
0.003113
0.003276
0.003644
0.003295
0.002470
0.003001
0.002604
0.003337
0.003299
0.003157
0.003489
0.002666
0.002657
0.002472
0.003306
0.003267
0.002913
0.002758
0.002789
0.002551
0.002591
0.003310
0.002765
0.003468
0.003209
0.003239
0.002786
0.002596
0.003740
0.003988
0.002505
0.003254
0.002669
0.002574
0.003306
0.003264
0.003283
0.003286
0.002668
0.003840
0.002697
0.002698
0.002808
0.003444
0.003345
0.002584
0.002981
0.002559
0.002602
0.003220
0.003250
0.003218
0.003179
0.003204
0.003414
0.002784
0.003297
0.002993
0.002496
0.003371
0.003327
0.003139
0.002744
0.003268
0.002977
0.002487
0.002689
0.002457
0.003504
0.002453
0.003256
0.003265
0.003221
0.002955
0.002612
0.002769
0.004094
0.003004
0.002580
0.002786
0.003252
0.002743
0.003366
0.003277
0.003320
0.003278
0.002621
0.003205
0.003398
0.003270
0.003217
0.002940
0.002741
0.003298
0.002573
0.003348
0.003081
0.003223
0.003364
0.003230
0.003237
0.003256
0.003251
0.003294
0.003282
0.003273
0.002822
0.002672
0.003261
0.003367
0.003444
0.002538
0.003298
0.002757
0.002691
0.003294
0.003264
0.003479
0.002639
0.003193
0.002578
0.003279
0.003348
0.003519
0.003387
0.003242
0.003403
0.002994
0.003962
0.003189
0.002985
0.003294
0.002999
0.002511
0.003278
0.003398
0.004060
0.002979
0.003285
0.002903
0.003284
0.002970
0.003717
0.003271
0.002975
0.003180
0.002955
0.002742
0.002757
0.003276
0.002990
0.002800
0.003233
0.002583
0.003222
0.003479
0.003318
0.003529
0.003308
0.003306
0.002670
0.003372
0.003300
0.002482
0.002547
0.003302
0.003284
0.002727
0.002695
0.003229
0.003000
0.003289
0.002984
0.002730
0.003262
0.003296
0.002996
0.003282
0.003276
0.003369
0.003288
0.003381
0.003261
0.002934
0.003266
0.004019
0.003255
0.003281
0.002457
0.003253
0.003253
0.002886
0.002825
0.003220
0.002820
0.003303
0.002585
0.003188
0.002481
0.003311
0.003277
0.002728
0.003324
0.003080
0.002713
0.002480
0.003238
0.002464
0.003420
0.002677
0.002473
0.003301
0.003266
0.002606
0.003328
0.002949
0.003326
0.003295
0.003714
0.003264
0.003322
0.003165
0.002600
0.003456
0.002953
0.002546
0.002891
0.002441
0.002495
0.002557
0.002641
0.003588
0.002514
0.003300
0.003739
0.002841
0.002969
0.002396
0.003328
0.002988
0.002757
0.003032
0.003285
0.003650
0.002492
0.003109
0.003281
0.003227
0.002998
0.003443
0.003256
0.003315
0.003400
0.002797
0.003345
0.003266
0.002610
0.003395
0.002988
0.002570
0.002804
0.002427
0.002715
0.003386
0.002966
0.003023
0.002552
0.003456
0.003263
0.002999
0.002978
0.003303
0.003607
0.002859
0.002576
0.003311
0.003281
0.003224
0.002750
0.003381
0.003284
0.003273
0.002651
0.003236
0.002398
0.003335
0.003276
0.003229
0.002775
0.002944
0.003278
0.002831
0.002729
0.002888
0.002686
0.003525
0.002562
0.003352
0.003295
0.002994
0.003071
0.003298
0.003415
0.003255
0.002815
0.002602
0.002492
0.003810
0.002969
0.002548
0.002957
0.002827
0.003282
0.003205
0.003250
0.003233
0.003054
0.002767
0.003246
0.003284
0.002865
0.003275
0.003207
0.002854
0.002713
0.002824
0.002855
0.003186
0.003186
0.003074
0.002774
0.002783
0.003427
0.003269
0.003152
0.002586
0.003219
0.003032
0.003951
0.002483
0.003295
0.002699
0.002557
0.002602
0.003256
0.002972
0.003309
0.003182
0.002719
0.002536
0.003197
0.002748
0.002689
0.003319
0.002794
0.002558
0.003293
0.003254
0.003215
0.002540
0.003303
0.003874
0.003432
0.002732
0.002548
0.003388
0.003335
0.003327
0.003882
0.002921
0.003270
0.002766
0.003358
0.003296
0.002976
0.002405
0.002748
0.003262
0.003273
0.003187
0.002539
0.003282
0.003285
0.002724
0.002603
0.002594
0.003303
0.003067
0.003197
0.003017
0.003293
0.003359
0.002498
0.004208
0.003119
0.003242
0.002678
0.002990
0.003027
0.003211
0.002572
0.003239
0.002532
0.002556
0.002670
0.002619
0.003293
0.003733
0.003296
0.002703
0.003393
0.003357
0.003288
0.002827
0.003330
0.003333
0.003260
0.003286
0.003299
0.003301
0.002964
0.004004
0.003280
0.003223
0.003253
0.003217
0.002846
0.002946
0.003564
0.002709
0.002558
0.003354
0.003279
0.003958
0.003321
0.002961
0.002995
0.003521
0.003264
0.003010
0.002583
0.003449
0.003022
0.003315
0.003295
0.003861
0.002765
0.002344
0.003126
0.002569
0.002614
0.002589
0.002852
0.004749
0.002928
0.002357
0.002571
0.003726
0.002614
0.002750
0.003692
0.002211
0.003509
0.003531
0.002846
0.003283
0.003356
0.002534
0.003745
0.002756
0.003735
0.002508
0.002705
0.003384
0.003183
0.003255
0.003158
0.003306
0.002943
0.003086
0.002648
0.003305
0.003279
0.003267
0.002865
0.002505
0.002504
0.002795
0.002593
0.002989
0.002828
0.003530
0.003285
0.003270
0.002615
0.003230
0.002795
0.003267
0.003180
0.003246
0.002295
0.003283
0.002538
0.001606
0.001534
0.002677
0.003153
0.003341
0.003216
0.002688
0.003739
0.002458
0.002968
0.003533
0.002502
0.003243
0.002243
0.002511
0.003138
0.003101
0.003239
0.002748
0.004413
0.002562
0.003716
0.003318
0.003260
0.002546
0.003069
0.003227
0.003064
0.003112
0.003076
0.003258
0.002580
0.002968
0.003291
0.002665
0.002504
0.002791
0.004907
0.002237
0.002553
0.003122
0.003134
0.003219
0.003360
0.003276
0.002601
0.002946
0.002869
0.002666
0.002592
0.003273
0.002940
0.003982
0.002757
0.003864
0.003975
0.003741
0.003055
0.003799
0.002609
0.002513
0.002372
0.003378
0.003261
0.002530
0.002781
0.003209
0.003425
0.004248
0.002481
0.001432
0.001688
0.003215
0.002570
0.003341
0.002694
0.003268
0.003292
0.002713
0.003029
0.003028
0.003720
0.003617
0.002978
0.002471
0.003569
0.003186
0.002572
0.003305
0.002377
0.002692
0.003822
0.003517
0.003283
0.003721
0.002838
0.002919
0.003014
0.003133
0.003296
0.003435
0.002995
0.003643
0.002692
0.002538
0.004049
0.003434
0.003347
0.002414
0.003275
0.003460
0.003190
0.002923
0.003913
0.003287
0.002577
0.002652
0.002964
0.002858
0.003207
0.003236
0.002867
0.002645
0.002559
0.002597
0.003251
0.002508
0.003000
0.003252
0.003093
0.003128
0.003372
0.002304
0.002918
0.003168
0.002777
0.003309
0.003276
0.003699
0.002789
0.003285
0.003213
0.003839
0.003680
0.002409
0.002816
0.003290
0.002910
0.002642
0.003185
0.002960
0.002892
0.002772
0.002628
0.003356
0.003218
0.002982
0.003272
0.002576
0.003273
0.003258
0.002553
0.002022
0.002338
0.003272
0.002948
0.002444
0.003409
0.003653
0.003342
0.003138
0.002614
0.003235
0.002864
0.003758
0.002958
0.003175
0.003239
0.002263
0.003375
0.003362
0.003645
0.003782
0.003178
0.003088
0.003667
0.002580
0.003384
0.002863
0.002929
0.003691
0.002458
0.002977
0.002377
0.002962
0.003285
0.003294
0.003024
0.003108
0.002516
0.003279
0.003382
0.003242
0.003056
0.002452
0.002389
0.003283
0.002541
0.003292
0.003554
0.002488
0.002469
0.002961
0.003168
0.002556
0.002449
0.002752
0.003010
0.003201
0.003795
0.003191
0.003816
0.002746
0.003309
0.002872
0.003395
0.003105
0.002804
0.003235
0.002783
0.003780
0.003481
0.003239
0.004731
0.003371
0.002547
0.003324
0.002938
0.003105
0.002960
0.003732
0.002474
0.004061
0.003640
0.002469
0.003515
0.002576
0.003519
0.002917
0.003290
0.003718
0.003259
0.003315
0.002389
0.003192
0.002310
0.003249
0.003231
0.002583
0.003426
0.003329
0.002486
0.002682
0.003559
0.003222
0.003279
0.004224
0.002470
0.003733
0.002910
0.003872
0.002606
0.003871
0.002962
0.002574
0.003322
0.003126
0.003150
0.002706
0.004419
0.003888
0.002962
0.003514
0.003168
0.003771
0.002687
0.003303
0.002575
0.003365
0.003259
0.002422
0.002768
0.003043
0.003278
0.002999
0.002360
0.002208
0.003896
0.004076
0.003971
0.003115
0.002691
0.003429
0.003734
0.003159
0.003314
0.003471
0.003277
0.003348
0.002392
0.002732
0.002658
0.003773
0.003493
0.003216
0.003235
0.003215
0.002364
0.003465
0.003264
0.003402
0.003325
0.003499
0.003343
0.003247
0.003067
0.003322
0.004106
0.003147
0.003254
0.002390
0.003466
0.003367
0.003289
0.003163
0.003372
0.003057
0.003323
0.003060
0.002996
0.002457
0.002962
0.003247
0.003076
0.003410
0.003534
0.002638
0.003726
0.003754
0.003844
0.002845
0.003217
0.003272
0.002687
0.003223
0.003193
0.003239
0.003207
0.003213
0.003267
0.002560
0.003766
0.003373
0.003202
0.002943
0.002303
0.002673
0.002757
0.002713
0.002663
0.002421
0.003746
0.002962
0.004200
0.003294
0.002930
0.003311
0.003196
0.002388
0.002689
0.002518
0.002969
0.003278
0.003608
0.002982
0.002731
0.002636
0.003374
0.003252
0.003286
0.002584
0.003246
0.002627
0.003058
0.002730
0.003187
0.003378
0.002652
0.002958
0.003056
0.003288
0.003324
0.003221
0.003613
0.005143
0.002339
0.002270
0.002562
0.001561
0.001584
0.003221
0.002530
0.003152
0.002461
0.002695
0.003735
0.003985
0.003207
0.002667
0.002946
0.003345
0.003428
0.003244
0.003243
0.003051
0.002585
0.003060
0.002408
0.003949
0.004065
0.002998
0.002234
0.003095
0.002963
0.003720
0.003743
0.002811
0.003014
0.003251
