0.004626
0.003134
0.003423
0.004002
0.003809
0.003389
0.003648
0.003730
0.004036
0.004049
0.004150
0.003666
0.003850
0.003276
0.003931
0.004248
0.003712
0.003301
0.003662
0.003279
0.004031
0.005758
0.003707
0.003802
0.003733
0.003564
0.004092
0.003892
0.003752
0.003211
0.003367
0.004204
0.003685
0.004667
0.003262
0.004039
0.003414
0.003921
0.003345
0.003938
0.003960
0.003840
0.003241
0.003295
0.003667
0.003926
0.004086
0.003644
0.003356
0.004247
0.003662
0.003965
0.004992
0.003317
0.003941
0.005042
0.003368
0.004005
0.003623
0.003535
0.004048
0.004001
0.005665
0.004002
0.003971
0.003678
0.003787
0.004478
0.003239
0.003483
0.004174
0.003850
0.004410
0.004157
0.004411
0.003687
0.003941
0.003788
0.004082
0.003286
0.003939
0.003755
0.003935
0.003900
0.003304
0.003456
0.004051
0.003919
0.004216
0.004359
0.003999
0.003892
0.003034
0.003797
0.003145
0.003621
0.004174
0.003555
0.003873
0.003955
0.003716
0.003555
0.003913
0.003368
0.004160
0.003956
0.004325
0.003246
0.003648
0.004154
0.003447
0.004343
0.005290
0.004311
0.003443
0.003936
0.003706
0.003945
0.003852
0.003293
0.003376
0.003345
0.004412
0.003336
0.003975
0.003915
0.003641
0.003730
0.003671
0.003760
0.003814
0.003851
0.003288
0.003956
0.003630
0.003879
0.003718
0.003731
0.004260
0.003071
0.004023
0.004240
0.003279
0.005044
0.003765
0.004026
0.003903
0.003222
0.003470
0.003487
0.004079
0.003331
0.003938
0.004101
0.003376
0.004121
0.003939
0.004067
0.004026
0.003592
0.003311
0.003554
0.003266
0.003520
0.003794
0.003323
0.004680
0.003021
0.003857
0.004516
0.003275
0.003658
0.004923
0.003281
0.003926
0.003993
0.003700
0.003665
0.005037
0.003276
0.004086
0.003809
0.004745
0.003948
0.003293
0.003932
0.003844
0.003917
0.003366
0.003611
0.004098
0.004231
0.004001
0.003509
0.004073
0.004314
0.003987
0.003485
0.004185
0.003931
0.003633
0.003909
0.003275
0.004006
0.003800
0.003893
0.003985
0.003906
0.003826
0.003386
0.004278
0.003854
0.004443
0.003720
0.004835
0.003618
0.003763
0.004146
0.003997
0.003649
0.003687
0.004065
0.003213
0.003326
0.004244
0.004013
0.004117
0.003921
0.003890
0.003817
0.003761
0.003143
0.003402
0.003784
0.003865
0.003996
0.003938
0.003581
0.004159
0.003749
0.003941
0.003870
0.003841
0.003566
0.003717
0.004409
0.003964
0.004928
0.003642
0.003822
0.004626
0.003032
0.003792
0.004325
0.003777
0.003629
0.003967
0.004090
0.003917
0.003780
0.004523
0.003744
0.004304
0.004113
0.003381
0.004443
0.003621
0.003330
0.003993
0.004006
0.004455
0.003630
0.003771
0.004267
0.004125
0.004087
0.003863
0.003963
0.004680
0.004036
0.003925
0.003250
0.003280
0.003901
0.003722
0.004036
0.003265
0.003505
0.003571
0.003898
0.004102
0.004146
0.003762
0.003281
0.003851
0.003938
0.003467
0.004076
0.003764
0.003956
0.004406
0.004360
0.004480
0.004080
0.004163
0.003841
0.003795
0.004523
0.003773
0.003939
0.003332
0.003679
0.003442
0.003660
0.004356
0.004618
0.004191
0.004042
0.004904
0.004064
0.003837
0.003652
0.004190
0.003894
0.003974
0.003313
0.003960
0.003733
0.004012
0.003884
0.003433
0.003346
0.004035
0.003897
0.003606
0.003878
0.003374
0.003959
0.003908
0.004006
0.003272
0.003990
0.004238
0.003997
0.005191
0.004207
0.003349
0.003724
0.003601
0.003843
0.003618
0.004594
0.003665
0.003812
0.003912
0.003990
0.003829
0.003851
0.003913
0.004044
0.003299
0.003720
0.004154
0.004324
0.003846
0.003570
0.003840
0.003663
0.004309
0.003409
0.003553
0.003938
0.003786
0.004380
0.003364
0.003899
0.003941
0.003279
0.003888
0.003760
0.003892
0.003701
0.003333
0.003373
0.004106
0.003606
0.003989
0.003714
0.004029
0.003926
0.003999
0.003463
0.003316
0.004269
0.003934
0.003704
0.003873
0.004426
0.003712
0.004239
0.003937
0.003905
0.003867
0.004191
0.004002
0.003018
0.003696
0.003668
0.003369
0.003395
0.004107
0.004243
0.003136
0.003354
0.003842
0.003757
0.003783
0.004001
0.004587
0.003951
0.004020
0.003279
0.003783
0.003308
0.003917
0.004393
0.003954
0.003965
0.003375
0.003374
0.003808
0.004396
0.003828
0.004503
0.004055
0.003134
0.003356
0.003558
0.004306
0.003878
0.004500
0.003039
0.003652
0.003621
0.003139
0.003248
0.004039
0.004355
0.004307
0.003779
0.003774
0.004234
0.003431
0.005203
0.003565
0.003768
0.003345
0.004137
0.003191
0.003818
0.004088
0.004515
0.003715
0.003335
0.003756
0.003729
0.004710
0.003572
0.003757
0.003055
0.004208
0.003844
0.004119
0.004230
0.003957
0.004817
0.004464
0.003821
0.003449
0.004443
0.004301
0.003770
0.003726
0.003938
0.004312
0.004061
0.003939
0.003455
0.004521
0.003961
0.003287
0.003951
0.003964
0.003201
0.004019
0.003869
0.004007
0.003933
0.003333
0.003496
0.003993
0.003709
0.003352
0.003064
0.004089
0.005990
0.003852
0.003776
0.003518
0.004097
0.003862
0.002956
0.004043
0.003659
0.004309
0.004219
0.005087
0.003232
0.003547
0.005069
0.003559
0.003178
0.003385
0.004267
0.004522
0.003972
0.003634
0.003839
0.004001
0.003926
0.003288
0.003220
0.003994
0.003511
0.003068
0.003841
0.003327
0.003814
0.003226
0.003696
0.003478
0.003890
0.004014
0.003397
0.003977
0.004080
0.002952
0.003489
0.003908
0.002689
0.004255
0.003745
0.003778
0.003137
0.003729
0.004041
0.003103
0.003261
0.003823
0.004122
0.003795
0.004572
0.003500
0.002965
0.003383
0.003488
0.004022
0.003953
0.003759
0.003915
0.004165
0.003309
0.001948
0.003866
0.003264
0.004117
0.003337
0.003823
0.003258
0.004078
0.003851
0.003991
0.002492
0.004375
0.003795
0.003816
0.003045
0.003840
0.003117
0.003516
0.003569
0.003196
0.002935
0.002979
0.003370
0.003845
0.004062
0.003907
0.003402
0.004005
0.003818
0.003832
0.003170
0.003600
0.003602
0.002467
0.002477
0.003648
0.003258
0.003658
0.003192
0.004390
0.001760
0.003627
0.003835
0.003837
0.003659
0.004156
0.002453
0.003960
0.003998
0.001754
0.003708
0.001743
0.003373
0.001761
0.004467
0.003828
0.003235
0.003603
0.003224
0.003642
0.002526
0.001947
0.003653
0.003765
0.004361
0.003859
0.004016
0.003666
0.004010
0.003883
0.003373
0.003113
0.003766
0.002929
0.003332
0.003708
0.003172
0.003384
0.003429
0.004140
0.004681
0.003768
0.003570
0.002486
0.003976
0.003287
0.003860
0.003335
0.002511
0.001768
0.002138
0.002908
0.003307
0.003736
0.003935
0.003798
0.003104
0.003237
0.003139
0.003321
0.001765
0.001722
0.003164
0.003786
0.003074
0.002480
0.003979
0.005457
0.003808
0.003886
0.003582
0.003495
0.003216
0.003951
0.004221
0.003875
0.003702
0.003510
0.003861
0.003348
0.003289
0.002470
0.002234
0.003889
0.002928
0.004065
0.003842
0.004280
0.004024
0.003891
0.003924
0.003883
0.003146
0.003159
0.004370
0.004264
0.004544
0.004019
0.004583
0.003856
0.001931
0.003643
0.002316
0.003193
0.003967
0.003291
0.004300
0.003318
0.003810
0.003443
0.003154
0.004486
0.003635
0.003827
0.003771
0.004001
0.004185
0.002015
0.003452
0.003349
0.002395
0.004312
0.003807
0.003790
0.002840
0.003787
0.003952
0.004941
0.003799
0.004775
0.003656
0.003748
0.005017
0.003869
0.003540
0.004068
0.003509
0.002472
0.001609
0.003206
0.002486
0.002957
0.004323
0.003567
0.003645
0.003098
0.003290
0.003990
0.002484
0.003421
0.003896
0.003832
0.003369
0.004007
0.004197
0.003132
0.003285
0.003869
0.002993
0.003249
0.003736
0.003771
0.004095
0.003262
0.003913
0.003300
0.002220
0.003777
0.003421
0.002612
0.004053
0.003552
0.004740
0.002068
0.003818
0.003459
0.002958
0.003040
0.004227
0.001642
0.001769
0.003403
0.003779
0.004264
0.003411
0.003441
0.003861
0.003433
0.003725
0.004027
0.003263
0.003731
0.004101
0.003588
0.003173
0.002622
0.004251
0.003709
0.003403
0.004040
0.003548
0.004122
0.003806
0.004345
0.003073
0.003064
0.004100
0.003754
0.002360
0.004111
0.003620
0.003094
0.003744
0.001802
0.001759
0.003450
0.003227
0.003771
0.003188
0.004003
0.003219
0.003777
0.004431
0.002939
0.001810
0.003844
0.003292
0.001791
0.003824
0.003840
0.003514
0.003255
0.001728
0.004182
0.003957
0.003242
0.003187
0.003281
0.004953
0.003222
0.004541
0.003238
0.002009
0.003397
0.002776
0.002266
0.004277
0.004717
0.003764
0.003612
0.003477
0.003765
0.004658
0.002112
0.003991
0.004083
0.003537
0.003442
0.003605
0.003265
0.001766
0.001856
0.003354
0.004210
0.004518
0.002893
0.001811
0.001724
0.004538
0.004620
0.002915
0.003486
0.003969
0.002949
0.001829
0.001750
0.003697
0.003537
0.003648
0.003831
0.003679
0.002965
0.004910
0.004060
0.003286
0.003859
0.003625
0.002695
0.003933
0.003943
0.003659
0.003816
0.003359
0.003686
0.005820
0.004555
0.003388
0.001771
0.002070
0.004157
0.003636
0.002952
0.002685
0.003509
0.003719
0.003932
0.004843
0.003157
0.004056
0.004405
0.003945
0.004058
0.003335
0.003935
0.003221
0.003780
0.003337
0.003771
0.003845
0.004081
0.003671
0.003978
0.004190
0.003477
0.003500
0.003313
0.003775
0.003322
0.002966
0.004495
0.004117
0.004719
0.003401
0.002091
0.003776
0.002984
0.003883
0.003739
0.003775
0.004152
0.002077
0.004416
0.003584
0.003830
0.003798
0.003211
0.003141
0.003383
0.003824
0.003874
0.003560
0.004061
0.003857
0.004222
0.003291
0.003460
0.003716
0.003624
0.003831
0.003803
0.004177
0.003946
0.004535
0.003172
0.002911
0.004179
0.003490
0.004499
0.004036
0.004605
0.004046
0.003974
0.003386
0.003911
0.003533
0.003037
0.004383
0.004130
0.003752
0.003781
0.002954
0.003131
0.004059
0.003805
0.003429
0.003868
0.004128
0.003233
