0.003990
0.003537
0.003821
0.002903
0.004033
0.003009
0.003613
0.003887
0.003743
0.003966
0.003889
0.003208
0.003398
0.003584
0.003077
0.004139
0.003550
0.003622
0.003689
0.003776
0.003322
0.003641
0.003783
0.003849
0.003973
0.003615
0.003636
0.003816
0.004047
0.003681
0.004563
0.003390
0.004257
0.004249
0.004150
0.004479
0.003353
0.003858
0.003910
0.004206
0.003768
0.003627
0.004283
0.003201
0.004279
0.003811
0.003683
0.003845
0.002954
0.003892
0.003747
0.004007
0.003475
0.003104
0.003142
0.004283
0.003894
0.003566
0.003566
0.003246
0.003890
0.003415
0.003246
0.003353
0.004221
0.002909
0.003994
0.003436
0.004025
0.003791
0.003891
0.004255
0.003609
0.003806
0.003855
0.003929
0.004031
0.003403
0.003750
0.003844
0.003243
0.004693
0.003647
0.003208
0.003428
0.004492
0.003711
0.003680
0.003181
0.003893
0.003165
0.003936
0.003976
0.004083
0.004244
0.004284
0.004788
0.003306
0.003119
0.003818
0.004322
0.003111
0.003747
0.003759
0.003806
0.004165
0.003381
0.003953
0.003118
0.003618
0.003815
0.003093
0.003592
0.003863
0.003903
0.003394
0.003510
0.003509
0.004486
0.004171
0.003019
0.004004
0.004263
0.003732
0.003906
0.003613
0.003249
0.003839
0.003738
0.004504
0.004133
0.003789
0.003658
0.003722
0.003962
0.003372
0.004718
0.003743
0.003582
0.004132
0.003468
0.003812
0.003654
0.003988
0.003345
0.004200
0.004297
0.004059
0.003632
0.003654
0.003916
0.003179
0.003668
0.003532
0.003608
0.003837
0.004114
0.003515
0.003774
0.003718
0.003441
0.003064
0.004490
0.003749
0.004570
0.004531
0.004527
0.003000
0.003502
0.003082
0.004209
0.004243
0.004132
0.005766
0.004132
0.003778
0.003755
0.003356
0.003604
0.004814
0.003128
0.004146
0.003555
0.003712
0.003866
0.003945
0.003705
0.003754
0.003318
0.003114
0.003422
0.003426
0.003128
0.003823
0.004087
0.003758
0.003529
0.003714
0.003746
0.003810
0.004107
0.003009
0.003002
0.003424
0.003455
0.003445
0.004531
0.004289
0.003693
0.003229
0.003873
0.002845
0.003028
0.003655
0.003786
0.003801
0.004212
0.002974
0.003613
0.003252
0.003588
0.004109
0.002874
0.004270
0.003815
0.003979
0.004169
0.003870
0.004446
0.003628
0.003761
0.003966
0.002989
0.003390
0.004353
0.003138
0.003595
0.003927
0.003819
0.003397
0.003716
0.003578
0.003798
0.004034
0.004470
0.003938
0.003719
0.004180
0.003922
0.002953
0.003239
0.003613
0.003231
0.003913
0.004485
0.003612
0.003337
0.004356
0.004301
0.003355
0.003427
0.003426
0.003760
0.003333
0.003382
0.003408
0.003311
0.004091
0.003880
0.005015
0.004179
0.002903
0.003789
0.003888
0.003224
0.004175
0.004391
0.005700
0.003920
0.003968
0.003532
0.004167
0.003853
0.004123
0.004324
0.003737
0.003818
0.003901
0.003569
0.004339
0.003797
0.003956
0.003615
0.003741
0.003995
0.003431
0.003741
0.003600
0.004209
0.003832
0.005175
0.003635
0.004218
0.004149
0.003679
0.003769
0.003920
0.003502
0.003908
0.003065
0.003891
0.003882
0.002998
0.002930
0.004060
0.003920
0.004368
0.003683
0.003548
0.003917
0.003654
0.003344
0.003711
0.003705
0.004281
0.004604
0.003375
0.004051
0.003405
0.005301
0.003506
0.003747
0.003626
0.003795
0.003812
0.003540
0.003440
0.004027
0.002853
0.004071
0.003854
0.004133
0.003561
0.003863
0.003862
0.004186
0.003627
0.003719
0.004384
0.002990
0.004146
0.003676
0.003748
0.003021
0.004949
0.002985
0.003516
0.004139
0.004633
0.004242
0.003727
0.003270
0.003322
0.003696
0.003649
0.003809
0.003845
0.004107
0.004216
0.004035
0.004090
0.003511
0.003180
0.003630
0.003002
0.004157
0.003856
0.004421
0.002189
0.003431
0.002878
0.003174
0.004765
0.003849
0.004045
0.003798
0.003347
0.003996
0.003755
0.003571
0.002955
0.002992
0.003701
0.003951
0.003942
0.003087
0.003810
0.003889
0.004175
0.003658
0.003316
0.003689
0.004346
0.003604
0.004289
0.003883
0.003943
0.003590
0.003388
0.003816
0.003848
0.004260
0.003979
0.003989
0.002794
0.003596
0.003147
0.003175
0.003865
0.003008
0.003603
0.004216
0.004285
0.003703
0.003028
0.003190
0.003337
0.003796
0.003722
0.003584
0.003722
0.003957
0.003769
0.004308
0.003924
0.003880
0.003893
0.002923
0.003760
0.003685
0.004102
0.003190
0.003807
0.003774
0.003112
0.003778
0.003775
0.003808
0.003722
0.004224
0.003169
0.003129
0.003581
0.003547
0.003904
0.003875
0.003581
0.003551
0.003758
0.003980
0.004207
0.003748
0.004399
0.002928
0.003536
0.003574
0.004350
0.003626
0.003729
0.004048
0.003868
0.003764
0.003909
0.003789
0.003955
0.004440
0.003603
0.003200
0.004277
0.003766
0.004294
0.003845
0.003624
0.003756
0.003259
0.003399
0.003527
0.004222
0.003951
0.003530
0.003632
0.003831
0.003555
0.004340
0.003806
0.003828
0.003166
0.003607
0.003952
0.003899
0.004223
0.004417
0.003536
0.003544
0.003627
0.003605
0.004230
0.004122
0.003715
0.003504
0.003987
0.003418
0.003619
0.003946
0.002612
0.003751
0.003455
0.002603
0.003518
0.004452
0.004004
0.004017
0.003556
0.002150
0.004094
0.003721
0.004085
0.003550
0.003867
0.003736
0.003716
0.003513
0.003758
0.002597
0.003656
0.003668
0.003792
0.003005
0.003153
0.004145
0.003465
0.003310
0.003473
0.004224
0.003758
0.003637
0.002925
0.004216
0.003241
0.003653
0.003949
0.005019
0.003359
0.003869
0.003566
0.003763
0.003640
0.004012
0.003583
0.004868
0.003761
0.001723
0.002014
0.003053
0.003269
0.003559
0.003563
0.003794
0.004283
0.003410
0.004099
0.003708
0.003734
0.003973
0.003600
0.003374
0.003567
0.003334
0.003437
0.002484
0.003410
0.003363
0.002944
0.003683
0.004428
0.004524
0.003312
0.004191
0.003283
0.003853
0.004516
0.003150
0.002412
0.004445
0.003465
0.004158
0.005065
0.003150
0.002080
0.001662
0.003767
0.002691
0.003466
0.003745
0.004872
0.003094
0.003400
0.003673
0.003456
0.004268
0.003479
0.004351
0.004673
0.002939
0.004853
0.003877
0.001752
0.001922
0.001773
0.003711
0.004773
0.003744
0.003895
0.003516
0.005462
0.003741
0.003256
0.003480
0.003776
0.003892
0.003399
0.004788
0.004085
0.001981
0.004073
0.003650
0.003359
0.003463
0.003180
0.003735
0.003198
0.004736
0.004090
0.003529
0.003639
0.003783
0.003916
0.003439
0.004568
0.003792
0.003597
0.004155
0.003785
0.002920
0.003173
0.003317
0.004262
0.003938
0.003685
0.003040
0.003721
0.003725
0.003972
0.004864
0.003485
0.003508
0.004897
0.003928
0.004001
0.002923
0.003362
0.004007
0.003117
0.003561
0.004035
0.003066
0.003009
0.002986
0.003841
0.004183
0.005241
0.003508
0.003496
0.003452
0.004354
0.003728
0.004007
0.003667
0.003610
0.005318
0.003428
0.003283
0.003369
0.004021
0.003977
0.003416
0.004172
0.004091
0.004153
0.004105
0.004814
0.004224
0.004325
0.004385
0.004003
0.004402
0.004776
0.004796
0.004105
0.004036
0.005151
0.004779
0.005236
0.004037
0.003796
0.004256
0.004590
0.004852
0.003863
0.004035
0.003859
0.004918
0.004462
0.005032
0.004327
0.004061
0.004201
0.003267
0.005042
0.004525
0.004201
0.003648
0.004030
0.004648
0.004022
0.003952
0.003950
0.004093
0.004837
0.004608
0.003663
0.004114
0.004145
0.004062
0.004843
0.003893
0.003676
0.004633
0.004463
0.003516
0.004713
0.004185
0.004203
0.004651
0.004034
0.004569
0.004171
0.004886
0.004151
0.004930
0.004296
0.004780
0.004118
0.004089
0.004293
0.004595
0.003804
0.004147
0.004782
0.003535
0.004029
0.004056
0.004963
0.004642
0.004113
0.004124
0.005099
0.004428
0.004729
0.004329
0.004555
0.004710
0.003939
0.253431
0.003790
0.004374
0.207776
0.004209
0.003783
0.004110
0.003773
0.003994
0.003966
0.003861
0.003250
0.003813
0.004686
0.003061
0.004531
0.004200
0.004661
0.003565
0.004479
0.003617
0.004789
0.003648
0.004131
0.004489
0.004259
0.004401
0.004180
0.003439
0.002588
0.004414
0.005292
0.004234
0.004196
0.003293
0.004421
0.003880
0.003815
0.004284
0.004155
0.004759
0.004211
0.004777
0.004279
0.004135
0.004445
0.005171
0.003747
0.004325
0.003728
0.004715
0.004562
0.004809
0.004557
0.005115
0.003377
0.003503
0.004481
0.004418
0.004472
0.004257
0.004564
0.003889
0.004377
0.003848
0.004461
0.003943
0.004371
0.004006
0.003643
0.004406
0.004604
0.004224
0.004758
0.004307
0.004667
0.003649
0.005089
0.004356
0.004345
0.004480
0.003735
0.003426
0.003125
0.003649
0.002931
0.004302
0.005222
0.004042
0.004929
0.005206
0.002543
0.002052
0.004174
0.003653
0.003909
0.004480
0.004678
0.004036
0.002957
0.004906
0.003568
0.003932
0.004294
0.004705
0.003159
0.004575
0.004310
0.004175
0.004384
0.003324
0.003768
0.003057
0.003208
0.003233
0.004767
0.004089
0.003697
0.004720
0.004383
0.003995
0.003271
0.004369
0.003983
0.004428
0.004228
0.004742
0.004462
0.004844
0.004029
0.003350
0.004008
0.004391
0.004868
0.004119
0.004041
0.003801
0.003360
0.004216
0.003154
0.004101
0.003438
0.004281
0.003538
0.003370
0.003274
0.003874
0.004418
0.003870
0.003496
0.003836
0.003229
0.003532
0.003844
0.003809
0.004426
0.003312
0.003091
0.004575
0.003579
0.003873
0.004573
0.003704
0.003581
0.003171
0.002983
0.003913
0.004120
0.003593
0.003511
0.003277
0.003360
0.002582
0.003599
0.003652
0.004143
0.003511
0.004154
0.003609
0.004003
0.003810
0.002946
0.002098
0.003923
0.003660
0.002083
0.002585
0.002929
0.003240
0.003634
0.002639
0.003928
0.004677
0.002988
0.004433
0.004458
0.003819
0.003717
0.003832
0.003777
0.003534
0.001779
0.002990
0.003755
0.002837
0.002579
0.003072
0.004350
0.003696
0.003559
0.003114
0.004076
0.003931
0.003202
0.003791
0.003010
0.003256
