0.002988
0.002938
0.002938
0.003763
0.002875
0.003573
0.003469
0.002749
0.002832
0.002757
0.002995
0.002760
0.002839
0.002940
0.002861
0.003640
0.002890
0.003003
0.002998
0.003111
0.003006
0.002701
0.003380
0.003299
0.002801
0.003567
0.003020
0.002811
0.002903
0.002866
0.002776
0.002816
0.002859
0.002737
0.002930
0.002600
0.003507
0.002731
0.002739
0.003473
0.002950
0.002898
0.003533
0.002904
0.002757
0.002812
0.002954
0.002764
0.003065
0.002764
0.003581
0.003693
0.003059
0.002762
0.002796
0.003091
0.002786
0.002843
0.003087
0.002816
0.003006
0.002927
0.002932
0.002726
0.002740
0.002891
0.002974
0.002820
0.002790
0.002800
0.002793
0.002758
0.002912
0.002879
0.002998
0.002799
0.002875
0.002758
0.002856
0.003006
0.002977
0.003035
0.002924
0.002885
0.003102
0.002835
0.002970
0.002958
0.003011
0.003013
0.003653
0.002948
0.002976
0.002977
0.003553
0.002836
0.002879
0.002997
0.002924
0.002922
0.002933
0.002671
0.002852
0.002868
0.003805
0.004049
0.002682
0.002756
0.002823
0.002920
0.003117
0.003186
0.002852
0.002926
0.002974
0.002764
0.003027
0.003744
0.003598
0.002907
0.002884
0.003547
0.003019
0.003449
0.003755
0.002824
0.002865
0.003678
0.003381
0.003673
0.002826
0.002808
0.002704
0.002744
0.002867
0.003585
0.003713
0.002735
0.002898
0.002765
0.003080
0.002958
0.002843
0.003064
0.002863
0.002765
0.002768
0.003726
0.003378
0.002995
0.002888
0.002840
0.002867
0.002947
0.002895
0.002799
0.003688
0.003534
0.002981
0.002790
0.002762
0.002834
0.002770
0.002859
0.003259
0.002698
0.002843
0.003553
0.003711
0.002869
0.002826
0.002768
0.002823
0.002786
0.002949
0.002793
0.002871
0.002775
0.003495
0.003481
0.002775
0.002907
0.003705
0.002781
0.002914
0.002886
0.002934
0.003372
0.003066
0.002957
0.003641
0.002828
0.002798
0.002975
0.002842
0.002975
0.003877
0.002780
0.002926
0.003411
0.002893
0.003299
0.002893
0.002928
0.002935
0.003299
0.002887
0.002787
0.003109
0.002723
0.002799
0.003271
0.002873
0.003086
0.003123
0.002801
0.002847
0.002966
0.002774
0.002985
0.002755
0.002840
0.002799
0.002896
0.003833
0.003711
0.002938
0.003556
0.002814
0.003238
0.002782
0.002802
0.003620
0.003428
0.002752
0.002887
0.003013
0.003591
0.003585
0.002827
0.002962
0.003000
0.003497
0.002869
0.002755
0.002789
0.002754
0.003316
0.003624
0.002745
0.002713
0.002874
0.003051
0.002755
0.003897
0.002734
0.002733
0.002895
0.002821
0.002763
0.002829
0.003000
0.003536
0.002988
0.003606
0.003192
0.002795
0.003002
0.002755
0.002735
0.003630
0.003065
0.003560
0.002948
0.003046
0.003023
0.004000
0.002774
0.002916
0.003340
0.002866
0.002801
0.002966
0.002929
0.002943
0.003472
0.002794
0.003034
0.003316
0.003650
0.003549
0.003568
0.002780
0.002869
0.002922
0.002968
0.002934
0.002737
0.003639
0.002929
0.002770
0.002708
0.003657
0.002780
0.002829
0.003054
0.003654
0.002720
0.003607
0.002704
0.002979
0.002847
0.002821
0.002765
0.002748
0.002800
0.003528
0.003032
0.002812
0.002771
0.002855
0.002727
0.002877
0.002716
0.002788
0.003584
0.003478
0.003236
0.003016
0.003538
0.003053
0.002735
0.002715
0.002890
0.003650
0.003043
0.002898
0.003091
0.002755
0.003159
0.002799
0.003338
0.003552
0.002723
0.002733
0.003676
0.003009
0.002996
0.003776
0.002822
0.002991
0.002751
0.002737
0.004034
0.003627
0.002724
0.002799
0.002800
0.003265
0.002741
0.002780
0.002782
0.002766
0.002955
0.002879
0.002843
0.002791
0.002762
0.002822
0.002791
0.002850
0.002915
0.002659
0.002924
0.002787
0.003675
0.002700
0.002847
0.003011
0.003073
0.002889
0.003112
0.003541
0.003036
0.003160
0.003368
0.002820
0.003022
0.003356
0.003552
0.002921
0.002975
0.002832
0.002823
0.003136
0.003182
0.002872
0.002914
0.002913
0.003072
0.003228
0.003051
0.002756
0.003606
0.002925
0.002930
0.003090
0.002763
0.002774
0.002849
0.003035
0.002821
0.003546
0.002809
0.003562
0.002980
0.002768
0.002969
0.003971
0.002780
0.002913
0.002811
0.003034
0.002793
0.002714
0.002702
0.002887
0.002921
0.003101
0.003054
0.002926
0.002757
0.003821
0.003004
0.004082
0.003768
0.003601
0.003994
0.002923
0.002822
0.002935
0.002981
0.003071
0.003894
0.003049
0.002942
0.002752
0.002895
0.003343
0.002720
0.003469
0.002960
0.003058
0.003561
0.003566
0.003601
0.002871
0.002704
0.002803
0.002799
0.002949
0.003806
0.002709
0.002731
0.002799
0.002815
0.002897
0.002696
0.003451
0.002737
0.002708
0.002844
0.003482
0.002711
0.002934
0.003555
0.002840
0.002849
0.003779
0.002918
0.002877
0.002955
0.002845
0.002833
0.002770
0.002770
0.002792
0.002969
0.002990
0.002761
0.003048
0.003549
0.003637
0.002889
0.003780
0.002792
0.002950
0.003371
0.003613
0.003349
0.003003
0.003035
0.002702
0.002717
0.002823
0.002911
0.003581
0.002859
0.002638
0.002976
0.002953
0.002798
0.002968
0.003016
0.002631
0.003670
0.003016
0.003668
0.002835
0.003531
0.003152
0.003119
0.002753
0.003514
0.002920
0.002974
0.002733
0.003079
0.002584
0.002757
0.002834
0.003523
0.002840
0.002778
0.002813
0.002999
0.003029
0.003445
0.003571
0.002041
0.003012
0.003970
0.002996
0.004138
0.002966
0.002862
0.003505
0.003461
0.004805
0.003060
0.002413
0.002024
0.003043
0.003001
0.003029
0.002820
0.003043
0.002874
0.002905
0.003077
0.003175
0.003050
0.002643
0.001991
0.002908
0.002000
0.002973
0.003174
0.003029
0.003010
0.002975
0.003552
0.002844
0.003002
0.003417
0.002029
0.003377
0.003553
0.002962
0.002881
0.002625
0.003011
0.002905
0.002045
0.003012
0.002961
0.003091
0.002755
0.003566
0.003107
0.004215
0.003000
0.003039
0.002097
0.002958
0.003109
0.002877
0.002723
0.003688
0.003097
0.003078
0.002970
0.002976
0.002909
0.002996
0.003208
0.002846
0.001961
0.003027
0.002992
0.002894
0.002809
0.002878
0.002705
0.003100
0.002939
0.002703
0.002940
0.003069
0.003690
0.002829
0.002714
0.002954
0.002870
0.002810
0.002984
0.003653
0.002854
0.003016
0.002983
0.002944
0.003010
0.003000
0.003557
0.003472
0.002672
0.003551
0.002949
0.003717
0.003620
0.003332
0.003586
0.003626
0.002698
0.002932
0.002902
0.003892
0.002943
0.003697
0.002893
0.002860
0.002857
0.003615
0.002964
0.003902
0.002973
0.002912
0.002850
0.002908
0.003443
0.001988
0.002761
0.002969
0.003644
0.003041
0.003286
0.002771
0.002034
0.002954
0.003586
0.003004
0.002974
0.003001
0.002760
0.003287
0.002829
0.002986
0.003052
0.003075
0.002677
0.003654
0.002967
0.002886
0.002868
0.003507
0.003647
0.002855
0.002819
0.002986
0.003034
0.003008
0.003064
0.003464
0.003396
0.003568
0.003081
0.003136
0.003753
0.002956
0.003030
0.002951
0.003008
0.003081
0.002995
0.003008
0.002958
0.003395
0.003859
0.003033
0.003065
0.005191
0.003096
0.002917
0.003016
0.002773
0.003424
0.002706
0.002383
0.004137
0.002837
0.002994
0.002913
0.003383
0.003568
0.003340
0.003033
0.002470
0.002720
0.002989
0.002968
0.003035
0.003244
0.003071
0.002906
0.002975
0.003458
0.003678
0.002931
0.004488
0.002979
0.003688
0.004004
0.003038
0.002874
0.003029
0.002886
0.002907
0.002916
0.002939
0.002841
0.001450
0.002833
0.002810
0.003572
0.002805
0.002766
0.003522
0.002896
0.002798
0.003092
0.003002
0.002901
0.003538
0.002786
0.002957
0.001461
0.003169
0.001435
0.002809
0.002925
0.003325
0.003553
0.002754
0.002943
0.002959
0.001446
0.002888
0.002941
0.002994
0.003040
0.002483
0.002961
0.001432
0.002906
0.002735
0.004053
0.003246
0.001434
0.003043
0.003846
0.003036
0.001825
0.002661
0.002951
0.003473
0.002893
0.002990
0.002976
0.002898
0.003115
0.002849
0.003053
0.002763
0.002769
0.003063
0.002688
0.002778
0.002740
0.003773
0.003724
0.003022
0.003021
0.002890
0.002755
0.003003
0.002753
0.003044
0.002999
0.002970
0.002713
0.002743
0.002926
0.002708
0.002892
0.003543
0.002890
0.002937
0.002894
0.002932
0.002846
0.002707
0.003561
0.003467
0.002723
0.002851
0.003977
0.001647
0.003528
0.003626
0.002916
0.003022
0.002003
0.002725
0.004123
0.002930
0.002981
0.002917
0.003444
0.002760
0.003088
0.003506
0.005659
0.002986
0.003331
0.002890
0.002785
0.005355
0.002952
0.003634
0.002941
0.003076
0.002828
0.002718
0.003022
0.002994
0.002803
0.003488
0.003548
0.003014
0.003022
0.002687
0.002805
0.003061
0.003543
0.003055
0.002864
0.002828
0.003548
0.003338
0.003897
0.003497
0.003014
0.002774
0.004829
0.002781
0.002808
0.003074
0.002738
0.002701
0.002793
0.003812
0.002990
0.002994
0.002941
0.003006
0.002917
0.002694
0.003382
0.003053
0.002933
0.002620
0.002708
0.002250
0.002794
0.003512
0.003531
0.002843
0.002935
0.003182
0.002971
0.002891
0.002221
0.003544
0.003016
0.003660
0.002957
0.002213
0.002823
0.002337
0.002955
0.003358
0.003248
0.001409
0.002623
0.002081
0.003021
0.002836
0.003559
0.003548
0.002967
0.002900
0.004031
0.002993
0.002025
0.003746
0.003022
0.002943
0.002964
0.003030
0.003010
0.003580
0.002678
0.002859
0.002687
0.002025
0.002034
0.002894
0.003155
0.003044
0.003146
0.003052
0.002933
0.002216
0.002802
0.003739
0.003051
0.002949
0.002897
0.002673
0.003037
0.002273
0.004059
0.003040
0.002861
0.002848
0.002962
0.003666
0.002956
0.002877
0.003309
0.003210
0.002830
0.002408
0.002754
0.004365
0.003008
0.004812
0.002966
0.002996
0.002851
0.003248
0.003005
0.002976
0.002940
0.003032
0.002024
0.003531
0.002913
0.002715
0.002124
0.003010
0.002802
0.002965
0.002945
0.003007
0.002595
0.002844
0.003006
0.002907
0.002657
