0.004799
0.003559
0.005528
0.003964
0.004095
0.004850
0.003975
0.005095
0.004126
0.004012
0.004510
0.004439
0.004099
0.003994
0.004241
0.004260
0.004000
0.004377
0.004463
0.004368
0.003764
0.004374
0.003870
0.005221
0.004275
0.004037
0.003902
0.004254
0.004545
0.004058
0.004843
0.003790
0.003638
0.004194
0.004185
0.004107
0.004178
0.004381
0.004190
0.003860
0.004476
0.003859
0.004472
0.005706
0.004411
0.004060
0.004717
0.004123
0.003902
0.004798
0.004839
0.004672
0.004401
0.004725
0.005148
0.004598
0.003954
0.005188
0.004393
0.004718
0.003953
0.004096
0.004534
0.004017
0.003917
0.003940
0.004071
0.003725
0.003858
0.004046
0.004092
0.003989
0.004621
0.004050
0.003714
0.004697
0.004593
0.004600
0.004203
0.004413
0.004169
0.003983
0.005055
0.003793
0.003971
0.004492
0.004463
0.004322
0.004875
0.004404
0.004353
0.004219
0.004255
0.004080
0.004102
0.003971
0.004016
0.005065
0.005511
0.003879
0.004575
0.004632
0.004032
0.004006
0.003926
0.004575
0.004821
0.004390
0.004229
0.004253
0.004714
0.004007
0.004116
0.004371
0.004752
0.004077
0.003944
0.004410
0.004172
0.004117
0.004054
0.003779
0.004325
0.006438
0.003941
0.003905
0.003933
0.004106
0.004068
0.004121
0.004022
0.003947
0.003935
0.004305
0.005289
0.004401
0.005486
0.004403
0.004319
0.004093
0.004184
0.004619
0.004159
0.005168
0.003843
0.004819
0.004266
0.005058
0.004801
0.004470
0.003959
0.004311
0.004005
0.004855
0.005307
0.003994
0.003992
0.004525
0.004727
0.003926
0.004624
0.005374
0.005084
0.004524
0.005373
0.004088
0.004641
0.003979
0.004052
0.004288
0.004198
0.004055
0.004741
0.004278
0.004012
0.004351
0.004273
0.004643
0.004494
0.004714
0.004963
0.004796
0.005768
0.004444
0.004018
0.004101
0.003949
0.004472
0.004164
0.004101
0.004295
0.004164
0.004135
0.004434
0.005556
0.003922
0.004249
0.005396
0.005272
0.003788
0.004449
0.004586
0.004358
0.005025
0.004334
0.003976
0.003913
0.004009
0.005463
0.004303
0.003605
0.003825
0.004496
0.004598
0.003802
0.004921
0.003938
0.003812
0.004972
0.003902
0.003971
0.003904
0.003808
0.004335
0.004554
0.003829
0.004253
0.005622
0.004232
0.004002
0.003877
0.004294
0.003894
0.004879
0.005294
0.004428
0.003967
0.005561
0.003959
0.004757
0.004120
0.005029
0.004580
0.004911
0.004442
0.004225
0.004868
0.003934
0.004340
0.003833
0.003925
0.004129
0.004021
0.005373
0.004015
0.004535
0.004041
0.004045
0.004209
0.003827
0.004848
0.005028
0.003793
0.004039
0.004036
0.004724
0.004229
0.003872
0.004620
0.005100
0.003817
0.003763
0.004148
0.004490
0.004021
0.005097
0.004981
0.003892
0.004568
0.004671
0.004935
0.004476
0.004004
0.004011
0.003835
0.003894
0.004038
0.004129
0.004001
0.004054
0.004181
0.003862
0.004620
0.004228
0.004372
0.004662
0.004525
0.003977
0.002562
0.003498
0.004819
0.004819
0.004726
0.002787
0.003858
0.003733
0.002393
0.002061
0.001947
0.005090
0.003829
0.004679
0.004323
0.005600
0.004195
0.004757
0.004446
0.003956
0.004776
0.003433
0.003958
0.002025
0.001985
0.001930
0.002675
0.005773
0.005106
0.004190
0.004662
0.003935
0.003602
0.003548
0.003846
0.005188
0.003943
0.004225
0.004129
0.004112
0.004247
0.004343
0.003973
0.003967
0.003137
0.005061
0.003967
0.004300
0.003043
0.004215
0.004285
0.004645
0.004786
0.004381
0.003991
0.004377
0.004192
0.004705
0.004175
0.005438
0.005123
0.003990
0.004237
0.004298
0.003964
0.004566
0.004055
0.004267
0.004464
0.004389
0.003798
0.004568
0.004526
0.003829
0.004022
0.005121
0.004429
0.003567
0.004447
0.004760
0.003834
0.004034
0.004790
0.004350
0.004308
0.004102
0.004995
0.003967
0.004036
0.003864
0.003794
0.004230
0.005402
0.003903
0.004011
0.004631
0.004061
0.004089
0.004270
0.004973
0.003846
0.003928
0.004457
0.004201
0.004275
0.004899
0.004501
0.004485
0.004667
0.004400
0.004115
0.004019
0.004346
0.004369
0.003681
0.004345
0.003751
0.004576
0.005070
0.003617
0.004136
0.004202
0.003769
0.004898
0.004806
0.005053
0.005276
0.004574
0.004097
0.004086
0.004000
0.004363
0.004493
0.004036
0.005863
0.004828
0.004063
0.003969
0.003908
0.003748
0.003944
0.004007
0.004235
0.004569
0.004401
0.004596
0.003937
0.005385
0.003846
0.003719
0.003911
0.004742
0.004329
0.003809
0.004700
0.004024
0.003989
0.004294
0.004666
0.004280
0.004983
0.005411
0.003968
0.003734
0.004045
0.004196
0.004018
0.004025
0.003958
0.004376
0.004068
0.004314
0.004003
0.003819
0.004044
0.004876
0.004380
0.003784
0.004065
0.003646
0.004751
0.004039
0.004438
0.004112
0.004105
0.004658
0.004139
0.004687
0.004034
0.004661
0.004821
0.004221
0.003729
0.004958
0.003649
0.004114
0.004335
0.004991
0.003779
0.004492
0.004120
0.004377
0.003631
0.004292
0.004624
0.003702
0.004265
0.003939
0.004234
0.004310
0.004092
0.003276
0.003632
0.004122
0.004416
0.003813
0.003581
0.004622
0.004717
0.003770
0.004820
0.004947
0.003564
0.003835
0.004329
0.004724
0.003666
0.004750
0.004164
0.004171
0.003850
0.004797
0.003988
0.004060
0.003794
0.003896
0.003892
0.003114
0.004045
0.004271
0.004000
0.004101
0.004212
0.003970
0.005148
0.003913
0.004769
0.004701
0.005341
0.003907
0.005601
0.004916
0.004241
0.003924
0.003339
0.003024
0.003926
0.004763
0.004997
0.004801
0.005065
0.003145
0.003956
0.004334
0.004686
0.003883
0.004987
0.004202
0.003159
0.004284
0.005180
0.004893
0.004763
0.003847
0.003760
0.004779
0.004049
0.003246
0.002210
0.003105
0.002046
0.003471
0.004523
0.003795
0.003895
0.004666
0.005456
0.004349
0.002962
0.004402
0.004026
0.004019
0.003874
0.005052
0.004368
0.004047
0.003137
0.004221
0.004389
0.004603
0.004311
0.003924
0.003317
0.004350
0.004108
0.003804
0.004011
0.004204
0.004201
0.003711
0.004239
0.004451
0.004883
0.004150
0.004551
0.004276
0.004054
0.003695
0.004290
0.004559
0.004823
0.004640
0.004441
0.004364
0.005206
0.003253
0.004955
0.004527
0.004035
0.003695
0.004005
0.004194
0.004349
0.004641
0.004216
0.003388
0.003532
0.003989
0.005160
0.005377
0.004561
0.003995
0.004175
0.004701
0.004337
0.004437
0.003176
0.003709
0.003959
0.003067
0.005247
0.003843
0.004370
0.005037
0.003980
0.003919
0.004230
0.004802
0.004851
0.004312
0.003729
0.003918
0.004522
0.004035
0.004564
0.005952
0.004596
0.004110
0.004044
0.004181
0.002896
0.005030
0.003193
0.004910
0.003811
0.003710
0.004816
0.004592
0.004004
0.003260
0.003912
0.003908
0.003164
0.003977
0.004182
0.004118
0.004208
0.005478
0.003924
0.004026
0.004572
0.003810
0.005063
0.003182
0.003104
0.003003
0.004852
0.004762
0.004260
0.003025
0.002996
0.003007
0.003077
0.004485
0.004883
0.005391
0.004713
0.004689
0.004403
0.003838
0.004455
0.004795
0.003876
0.004478
0.004395
0.004362
0.004639
0.004141
0.004375
0.004520
0.005216
0.003104
0.003163
0.003661
0.003795
0.003944
0.004337
0.003945
0.003784
0.004127
0.005148
0.004287
0.003936
0.004625
0.004429
0.003392
0.002951
0.004465
0.004935
0.004247
0.003918
0.005047
0.004527
0.005106
0.003020
0.004793
0.004800
0.003859
0.004118
0.002988
0.004444
0.004984
0.004696
0.004071
0.005016
0.004166
0.004086
0.004230
0.003187
0.003049
0.004256
0.004329
0.004258
0.003623
0.004834
0.004466
0.004497
0.004805
0.004620
0.004745
0.004441
0.004066
0.005104
0.004335
0.003515
0.005255
0.003786
0.004245
0.004470
0.003197
0.001804
0.003591
0.004664
0.004699
0.004060
0.003523
0.004709
0.002882
0.004359
0.004417
0.004137
0.004237
0.004631
0.003203
0.004168
0.003881
0.004685
0.004731
0.005978
0.003117
0.004676
0.003830
0.004558
0.004335
0.003790
0.005104
0.004973
0.003939
0.003910
0.003983
0.003993
0.004067
0.004767
0.004175
0.004030
0.004403
0.004886
0.004150
0.004456
0.003685
0.004063
0.004188
0.004642
0.004318
0.003754
0.004845
0.003309
0.004430
0.004081
0.004392
0.003770
0.004010
0.006146
0.004841
0.004153
0.003983
0.003737
0.004020
0.004519
0.005832
0.004338
0.004198
0.002911
0.003760
0.003727
0.005222
0.004993
0.005595
0.003665
0.002374
0.002156
0.004159
0.004344
0.003909
0.004197
0.002765
0.002165
0.002780
0.005677
0.004984
0.003969
0.004670
0.003988
0.004129
0.003960
0.005072
0.003567
0.004377
0.005282
0.003842
0.003989
0.004074
0.003888
0.004019
0.006216
0.004499
0.004863
0.005292
0.004105
0.002887
0.006009
0.003996
0.003703
0.003916
0.005784
0.006627
0.003954
0.005843
0.003702
0.003720
0.004599
0.005774
0.004051
0.004134
0.004399
0.004325
0.003213
0.004485
0.005227
0.004116
0.005543
0.004610
0.002607
0.006579
0.005505
0.004844
0.004051
0.004993
0.005131
0.003424
0.004494
0.003949
0.006347
0.004059
0.004016
0.004336
0.003205
0.004936
0.004498
0.004540
0.003900
0.004338
0.004752
0.006317
0.004635
0.003242
0.003889
0.005704
0.003878
0.002486
0.002469
0.003939
0.005884
0.005866
0.003961
0.004363
0.004757
0.003762
0.005041
0.004231
0.004807
0.004845
0.003626
0.004543
0.003605
0.004440
0.003914
0.004977
0.003852
0.005362
0.004595
0.004138
0.004308
0.005341
0.004333
0.002176
0.005340
0.005514
0.004234
0.003147
0.005750
0.005859
0.004746
0.003760
0.006371
0.006839
0.002845
0.002892
0.002915
0.004496
0.004496
0.005811
0.005704
0.003909
0.002810
0.002656
0.001974
0.005712
0.003554
0.003790
0.005275
0.004167
0.004099
0.002697
0.006738
0.003642
0.006621
0.004316
0.003455
0.004183
0.002803
0.002895
0.004146
0.005100
0.003857
0.004603
0.003705
0.003512
0.003775
0.003310
0.002940
0.002422
